0.09726911014440451
1001
0.03944583059229758
0.03948358178165952
0.03952104886440367
0.03955823157074953
0.03959512963296289
0.03963174278535783
0.039668070764298693
0.039704113308201866
0.03973987015753772
0.03977534105483256
0.03981052574467034
0.0398454239736946
0.03988003549061028
0.03991436004618552
0.039948397393253426
0.03998214728671395
0.04001560948353554
0.04004878374275697
0.04008166982548907
0.04011426749491643
0.04014657651629908
0.04017859665697428
0.04021032768635808
0.04024176937594707
0.04027292149931999
0.04030378383213938
0.04033435615215319
0.04036463823919637
0.040394629875192475
0.04042433084415526
0.04045374093219019
0.040482859927496014
0.040511687620366284
0.04054022380319087
0.04056846827045746
0.04059642081875306
0.04062408124676541
0.040651449355284495
0.04067852494720394
0.04070530782752246
0.04073179780334526
0.04075799468388542
0.04078389828046526
0.04080950840651774
0.040834824877587744
0.040859847511333515
0.04088457612752785
0.04090901054805949
0.04093315059693433
0.04095699610027678
0.04098054688633095
0.0410038027854619
0.04102676363015688
0.04104942925502657
0.04107179949680616
0.041093874194356686
0.041115653188666064
0.0411371363228503
0.041158323442154636
0.0411792143939546
0.04119980902775715
0.0412201071952018
0.0412401087500616
0.041259813548244276
0.04127922144779323
0.041298332308888554
0.041317145993848066
0.0413356623671283
0.04135388129532548
0.04137180264717647
0.04138942629355972
0.04140675210749625
0.04142377996415052
0.04144050974083132
0.04145694131699267
0.04147307457423475
0.04148890939630465
0.04150444566909728
0.04151968328065618
0.041534622121174335
0.041549262082994934
0.04156360306061218
0.041577644950672066
0.041591387651973066
0.041604831065466925
0.04161797509425935
0.041630819643610706
0.04164336462093669
0.041655609935809045
0.041667555499956155
0.04167920122726372
0.0416905470337754
0.041701592837693355
0.04171233855937887
0.04172278412135298
0.04173292944829694
0.04174277446705286
0.04175231910662413
0.041761563298176034
0.04177050697503622
0.041779150072695115
0.0417874925288065
0.04179553428318789
0.041803275277820975
0.04181071545685206
0.04181785476659248
0.04182469315551894
0.04183123057427394
0.0418374669756661
0.04184340231467053
0.04184903654842912
0.04185436963625091
0.04185940153961228
0.04186413222215737
0.04186856164969823
0.04187268979021511
0.041876516613856704
0.04188004209294034
0.04188326620195222
0.041886188917547564
0.04188881021855079
0.04189113008595571
0.04189314850292561
0.041894865454793415
0.04189628092906176
0.041897394915403154
0.04189820740565993
0.041898718393844445
0.04189892787613905
0.04189883585089612
0.04189844231863809
0.041897747282057425
0.04189675074601665
0.04189545271754827
0.04189385320585475
0.04189195222230844
0.041889749780451485
0.04188724589599576
0.04188444058682272
0.04188133387298331
0.041877925776697786
0.04187421632235562
0.041870205536515215
0.04186589344790385
0.04186128008741736
0.04185636548812002
0.04185114968524418
0.04184563271619016
0.04183981462052587
0.041833695439986565
0.041827275218474576
0.041820554002058946
0.04181353183897512
0.04180620877962462
0.04179858487657466
0.04179066018455775
0.0417824347604714
0.04177390866337756
0.04176508195450232
0.04175595469723543
0.04174652695712983
0.04173679880190122
0.041726770301427525
0.04171644152774842
0.04170581255506484
0.04169488345973839
0.04168365432029082
0.041672125217403516
0.04166029623391681
0.04164816745482948
0.041635738967298115
0.04162301086063647
0.041609983226314845
0.0415966561579594
0.04158302975135152
0.04156910410442712
0.04155487931727592
0.041540355492140725
0.04152553273341671
0.041510411147650694
0.04149499084354028
0.041479271931933216
0.041463254525826464
0.04144693874036547
0.0414303246928433
0.041413412502699816
0.0413962022915208
0.04137869418303712
0.041360888303123775
0.041342784779799045
0.04132438374322356
0.04130568532569935
0.04128668966166888
0.04126739688771416
0.04124780714255566
0.041227920567051386
0.041207737304195816
0.04118725749911893
0.04116648129908513
0.04114540885349218
0.04112404031387013
0.04110237583388025
0.041080415569313924
0.041058159678091476
0.041035608320261124
0.04101276165799774
0.04098961985560175
0.04096618307949792
0.04094245149823416
0.040918425282480325
0.04089410460502698
0.04086948964078418
0.04084458056678015
0.04081937756216008
0.040793880808184815
0.04076809048822952
0.04074200678778241
0.0407156298944434
0.04068895999792271
0.04066199729003959
0.040634741964720854
0.040607194217999534
0.04057935424801347
0.04055122225500385
0.0405227984413138
0.04049408301138694
0.04046507617176587
0.04043577813109071
0.04040618910009761
0.04037630929161723
0.04034613892057317
0.040315678203980486
0.04028492736094409
0.04025388661265717
0.04022255618239964
0.04019093629553643
0.04015902717951606
0.0401268290638688
0.0400943421802051
0.04006156676221396
0.04002850304566121
0.0399951512683878
0.03996151167030812
0.03992758449340827
0.03989336998174428
0.039858868381440433
0.0398240799406874
0.03978900490974054
0.03975364354091803
0.03971799608859908
0.039682062809222145
0.03964584396128299
0.0396093398053329
0.03957255060397678
0.039535476621871256
0.03949811812572282
0.039460475384285834
0.03942254866836066
0.039384338250791684
0.03934584440646539
0.03930706741230826
0.03926800754728497
0.039228665092396246
0.039189040330676855
0.03914913354719364
0.039108945029043385
0.03906847506535083
0.03902772394726649
0.03898669196796465
0.03894537942264124
0.03890378660851166
0.0388619138248087
0.03881976137278034
0.03877732955568765
0.038734618678802485
0.038691629049405436
0.03864836097678351
0.03860481477222798
0.03856099074903204
0.0385168892224887
0.03847251050988838
0.03842785493051671
0.03838292280565218
0.0383377144585639
0.03829223021450915
0.03824647040073117
0.03820043534645677
0.038154125382893894
0.0381075408432293
0.03806068206262617
0.03801354937822163
0.037966143129124406
0.037918463656412334
0.03787051130312993
0.037822286414285894
0.03777378933685063
0.037725020419753785
0.03767598001388171
0.03762666847207495
0.03757708614912566
0.03752723340177512
0.037477110588711116
0.03742671807056537
0.03737605620991097
0.03732512537125975
0.03727392592105961
0.03722245822769198
0.03717072266146908
0.03711871959463132
0.03706644940134455
0.037013912457697466
0.036961109141698784
0.036908039833274654
0.036854704914265776
0.03680110476842481
0.03674723978141345
0.03669311034079979
0.03663871683605547
0.03658405965855285
0.03652913920156229
0.03647395586024915
0.03641851003167115
0.03636280211477535
0.03630683251039536
0.03625060162124844
0.03619410985193259
0.03613735760892364
0.03608034530057235
0.03602307333710142
0.0359655421306026
0.035907752095033676
0.035849703646215494
0.035791397201829014
0.035732833181412245
0.03567401200635726
0.035614934099907125
0.035555599887152955
0.03549600979503071
0.035436164252318214
0.03537606368963206
0.03531570853942449
0.0352550992359803
0.03519423621541369
0.035133119915665166
0.03507175077649833
0.03501012923949678
0.034948255748060875
0.03488613074740459
0.03482375468455229
0.03476112800833548
0.034698251169389654
0.03463512462015095
0.03457174881485302
0.03450812420952363
0.03444425126198145
0.034380130431832766
0.03431576218046815
0.03425114697105909
0.034186285268554786
0.03412117753967868
0.03405582425292513
0.033990225878556095
0.03392438288859765
0.033858295756836694
0.03379196495881745
0.033725390971838125
0.03365857427494739
0.03359151534894099
0.03352421467635826
0.03345667274147868
0.03338889003031835
0.0333208670306265
0.03325260423188202
0.03318410212528988
0.033115361203777643
0.033046381961991854
0.03297716489629458
0.032907710504759734
0.032838019287169534
0.03276809174501094
0.03269792838147199
0.03262752970143817
0.032556896211488856
0.0324860284198936
0.032414926836608494
0.03234359197327248
0.03227202434320374
0.032200224461395845
0.03212819284451426
0.03205593001089243
0.03198343648052821
0.03191071277507997
0.031837759417862974
0.03176457693384552
0.0316911658496452
0.03161752669352515
0.03154365999539013
0.031469566286782845
0.03139524610088005
0.03132069997248868
0.03124592843804206
0.03117093203559609
0.0310957113048252
0.03102026678701862
0.030944599025076465
0.03086870856350579
0.030792595948416605
0.030716261727518117
0.030639706450114646
0.030562930667101702
0.03048593493096206
0.030408719795761745
0.030331285817146066
0.030253633552335565
0.030175763560122082
0.03009767640086469
0.030019372636485686
0.029940852830466495
0.029862117547843667
0.029783167355204792
0.029704002820684427
0.029624624513959984
0.029545033006247657
0.0294652288702983
0.029385212680393305
0.029304985012340464
0.029224546443469834
0.02914389755262957
0.029063038920181746
0.028981971127998253
0.028900694759456492
0.028819210399435267
0.028737518634310524
0.0286556200519512
0.02857351524171488
0.028491204794443628
0.028408689302459784
0.02832596935956157
0.02824304556101892
0.028159918503569147
0.02807658878541268
0.027993057006208705
0.02790932376707095
0.027825389670563208
0.027741255320695143
0.027656921322917884
0.027572388284119613
0.027487656812621324
0.027402727518172302
0.027317601011945844
0.027232277906534798
0.027146758815947206
0.027061044355601818
0.026975135142323695
0.026889031794339803
0.0268027349312745
0.026716245174145118
0.02662956314535749
0.026542689468701454
0.02645562476934637
0.026368369673836614
0.026280924810087078
0.026193290807378675
0.02610546829635373
0.026017457909011537
0.025929260278703757
0.025840876040129846
0.025752305829332536
0.02566355028369319
0.025574610041927296
0.025485485744079807
0.02539617803152055
0.025306687546939627
0.02521701493434277
0.025127160839046685
0.025037125907674453
0.024946910788150877
0.02485651612969779
0.02476594258282932
0.024675190799347376
0.024584261432336798
0.02449315513616072
0.024401872566455853
0.024310414380127807
0.024218781235346258
0.024126973791540326
0.024034992709393757
0.023942838650840202
0.023850512279058413
0.023758014258467502
0.023665345254722192
0.023572505934707933
0.023479496966536176
0.023386319019539564
0.02329297276426703
0.023199458872479102
0.023105778017142958
0.023011930872427644
0.022917918113699177
0.02282374041751573
0.022729398461622717
0.022634892924947955
0.022540224487596745
0.022445393830847014
0.022350401637144347
0.022255248590097153
0.0221599353744717
0.022064462676187148
0.02196883118231074
0.0218730415810527
0.021777094561761377
0.021680990814918262
0.021584731032133035
0.021488315906138512
0.021391746130785778
0.021295022401039063
0.02119814541297086
0.021101115863756827
0.021003934451670817
0.02090660187607981
0.020809118837438963
0.02071148603728642
0.020613704178238445
0.02051577396398421
0.020417696099280826
0.020319471289948206
0.020221100242864044
0.020122583665958683
0.020023922268210044
0.01992511675963848
0.019826167851301757
0.019727076255289827
0.019627842684719763
0.01952846785373064
0.019428952477478355
0.019329297272130463
0.019229502954861092
0.019129570243845765
0.019029499858256152
0.01892929251825497
0.018828948944990813
0.01872846986059286
0.018627855988165805
0.018527108051784574
0.018426226776489113
0.01832521288827921
0.01822406711410924
0.018122790181882925
0.018021382820448125
0.017919845759591563
0.017818179730033624
0.017716385463422992
0.017614463692331474
0.017512415150248737
0.017410240571576932
0.017307940691625497
0.01720551624660587
0.017102967973626072
0.01700029661068557
0.016897502896669823
0.016794587571345037
0.016691551375352845
0.016588395050204905
0.016485119338277645
0.0163817249828069
0.016278212727882536
0.016174583318443084
0.01607083750027042
0.01596697601998439
0.015862999625037375
0.015758909063709026
0.015654705085100782
0.015550388439130503
0.015445959876527075
0.015341420148825013
0.01523677000835905
0.015132010208258703
0.0150271415024429
0.014922164645614504
0.014817080393254876
0.014711889501618511
0.014606592727727467
0.014501190829366076
0.014395684565075359
0.014290074694147569
0.014184361976620898
0.014078547173273752
0.013972631045619468
0.013866614355900725
0.013760497867084123
0.013654282342854686
0.013547968547610274
0.013441557246456253
0.0133350492051998
0.013228445190344528
0.013121745969084901
0.013014952309300717
0.012908064979551643
0.012801084749071549
0.012694012387763161
0.01258684866619235
0.01247959435558262
0.01237225022780969
0.012264817055395746
0.012157295611503966
0.012049686669933049
0.011941991005111445
0.011834209392091984
0.011726342606546158
0.011618391424758559
0.01151035662362138
0.011402238980628702
0.011294039273871013
0.011185758282029468
0.01107739678437047
0.010968955560739884
0.010860435391557495
0.010751837057811445
0.010643161341052525
0.010534409023388557
0.010425580887478851
0.010316677716528473
0.010207700294282687
0.010098649405021212
0.00998952583355267
0.009880330365208937
0.009771063785839387
0.009661726881805395
0.00955232043997453
0.00944284524771494
0.009333302092889772
0.009223691763851332
0.00911401504943558
0.009004272738956336
0.008894465622199607
0.00878459448941803
0.008674660131324997
0.008564663339089122
0.008454604904328408
0.008344485619104672
0.008234306275917794
0.008124067667699958
0.008013770587810082
0.007903415830027953
0.007793004188548599
0.007682536457976582
0.007572013433320224
0.007461435909985959
0.007350804683772498
0.007240120550865201
0.00712938430783036
0.007018596751609323
0.006907758679512944
0.006796870889215688
0.006685934178749966
0.006574949346500409
0.00646391719119806
0.006352838511914693
0.0062417141080570015
0.006130544779360846
0.0060193313258855696
0.005908074548008156
0.005796775246417525
0.005685434222108693
0.005574052276377147
0.005462630210812962
0.005351168827295011
0.005239668927985288
0.005128131315323118
0.005016556792019285
0.004904946161050349
0.004793300225652881
0.004681619789317619
0.004569905655783669
0.004458158629032793
0.004346379513283582
0.004234569112985667
0.004122728232813942
0.004010857677662771
0.0038989582526401615
0.003787030763062042
0.0036750760144463645
0.0035630948125073975
0.0034510879631498687
0.0033390562724632178
0.0032270005467157645
0.0031149215923488654
0.0030028202159711834
0.0028906972243528174
0.0027785534244195746
0.0026663896232470776
0.002554206628054967
0.0024420052462011625
0.0023297862851760177
0.0022175505525964534
0.002105298856200187
0.0019930320038399375
0.001880750803477609
0.0017684560631783895
0.001656148591105095
0.001543829195512221
0.0014314986847401147
0.0013191578672093179
0.0012068075514145423
0.001094448545918954
0.0009820816593484251
0.0008697077003855351
0.0007573274777639211
0.0006449418002623429
0.000532551476698949
0.00042015731592534475
0.0003077601268208854
0.0001953607182868175
0.00008295989924036376
-0.000029441521390905136
-0.00014184273467506985
-0.0002542429316816525
-0.0003666413034873446
-0.0004790370411819032
-0.0005914293358740005
-0.0007038173786970115
-0.0008162003608147632
-0.0009285774734274602
-0.001040947907777524
-0.0011533108551552535
-0.0012656655069048495
-0.0013780110544301212
-0.001490346689200278
-0.0016026716027558246
-0.0017149849867143345
-0.0018272860327763168
-0.0019395739327309576
-0.0020518478784620335
-0.0021641070619536408
-0.00227635067529603
-0.0023885779106914496
-0.0025007879604599685
-0.0026129800170452224
-0.0027251532730203317
-0.0028373069210935933
-0.002949440154114375
-0.0030615521650789257
-0.003173642147136128
-0.0032857092935933024
-0.0033977527979221042
-0.003509771853764288
-0.0036217656549373963
-0.0037337333954407578
-0.0038456742694611473
-0.003957587471378656
-0.004069472195772404
-0.004181327637426448
-0.004293152991335519
-0.0044049474527108265
-0.004516710216985789
-0.004628440479821972
-0.004740137437114759
-0.004851800284999102
-0.004963428219855455
-0.005075020438315442
-0.00518657613726765
-0.005298094513863527
-0.005409574765522935
-0.005521016089940158
-0.005632417685089508
-0.005743778749231205
-0.005855098480917109
-0.005966376078996469
-0.006077610742621728
-0.006188801671254245
-0.006299948064670116
-0.006411049122965801
-0.006522104046564107
-0.0066331120362197555
-0.006744072293025124
-0.006854984018416182
-0.006965846414178065
-0.007076658682450826
-0.007187420025735328
-0.007298129646898782
-0.007408786749180653
-0.007519390536198308
-0.007629940211952767
-0.007740434980834419
-0.00785087404762878
-0.00796125661752221
-0.008071581896107544
-0.008181849089389993
-0.008292057403792706
-0.008402206046162465
-0.0085122942237756
-0.008622321144343402
-0.008732286016018064
-0.008842188047398286
-0.008952026447534914
-0.009061800425936762
-0.00917150919257621
-0.009281151957894904
-0.009390727932809456
-0.00950023632871716
-0.009609676357501555
-0.009719047231538158
-0.009828348163700228
-0.009937578367364301
-0.010046737056415816
-0.010155823445255022
-0.010264836748802308
-0.010373776182504041
-0.010482640962338275
-0.010591430304820161
-0.0107001434270078
-0.010808779546507843
-0.010917337881480957
-0.011025817650647684
-0.011134218073293909
-0.01124253836927654
-0.011350777759029094
-0.011458935463567342
-0.011567010704494887
-0.011675002704008761
-0.011782910684905099
-0.011890733870584539
-0.011998471485058091
-0.012106122752952517
-0.012213686899515904
-0.012321163150623428
-0.012428550732782725
-0.01253584887313954
-0.012643056799483353
-0.01275017374025275
-0.012857198924541178
-0.012964131582102401
-0.013070970943356054
-0.013177716239393159
-0.01328436670198171
-0.013390921563572194
-0.01349738005730298
-0.013603741417006097
-0.013710004877212533
-0.01381616967315782
-0.013922235040787578
-0.014028200216762881
-0.014134064438465928
-0.01423982694400541
-0.014345486972222009
-0.014451043762693917
-0.014556496555742296
-0.014661844592436716
-0.01476708711460065
-0.014872223364816934
-0.014977252586433138
-0.015082174023567138
-0.015186986921112509
-0.01529169052474389
-0.015396284080922484
-0.01550076683690153
-0.015605138040731558
-0.01570939694126592
-0.01581354278816627
-0.01591757483190776
-0.01602149232378458
-0.016125294515915344
-0.016228980661248397
-0.016332550013567253
-0.016436001827495966
-0.016539335358504402
-0.0166425498629138
-0.016745644597901864
-0.016848618821508326
-0.01695147179264018
-0.01705420277107703
-0.017156811017476403
-0.017259295793379138
-0.017361656361214645
-0.01746389198430615
-0.017566001926876216
-0.017667985454051738
-0.017769841831869467
-0.01787157032728126
-0.017973170208159195
-0.018074640743301017
-0.018175981202435326
-0.018277190856226883
-0.018378268976281704
-0.018479214835152576
-0.018580027706344055
-0.018680706864317703
-0.018781251584497543
-0.018881661143274952
-0.018981934818014124
-0.019082071887057208
-0.01918207162972935
-0.01928193332634408
-0.01938165625820843
-0.019481239707628016
-0.019580682957912352
-0.019679985293379876
-0.019779145999363208
-0.019878164362214144
-0.019977039669309034
-0.02007577120905366
-0.020174358270888464
-0.02027280014529376
-0.02037109612379463
-0.020469245498966185
-0.020567247564438642
-0.020665101614902332
-0.020762806946112804
-0.02086036285489594
-0.02095776863915296
-0.021055023597865537
-0.02115212703110076
-0.021249078240016227
-0.02134587652686508
-0.021442521195001014
-0.021539011548883234
-0.021635346894081576
-0.02173152653728139
-0.021827549786288637
-0.02192341595003477
-0.022019124338581785
-0.02211467426312713
-0.022210065036008707
-0.022305295970709793
-0.02240036638186395
-0.022495275585260113
-0.022590022897847273
-0.02268460763773958
-0.02277902912422119
-0.022873286677751126
-0.022967379619968257
-0.023061307273696093
-0.02315506896294771
-0.023248664012930575
-0.02334209175005149
-0.023435351501921362
-0.02352844259735994
-0.023621364366400943
-0.023714116140296573
-0.02380669725152248
-0.02389910703378265
-0.02399134482201394
-0.02408340995239112
-0.02417530176233148
-0.024267019590499726
-0.02435856277681266
-0.02444993066244397
-0.024541122589828924
-0.024632137902669115
-0.024722975945937285
-0.02481363606588189
-0.024904117610031817
-0.02499441992720129
-0.02508454236749426
-0.025174484282309263
-0.025264245024344125
-0.025353823947600412
-0.0254432204073883
-0.025532433760331097
-0.02562146336436992
-0.025710308578768278
-0.025798968764116716
-0.025887443282337382
-0.025975731496688685
-0.026063832771769803
-0.02615174647352528
-0.026239471969249605
-0.026327008627591793
-0.02641435581855982
-0.026501512913525302
-0.02658847928522793
-0.026675254307779953
-0.026761837356670783
-0.02684822780877144
-0.026934425042338967
-0.027020428437021113
-0.027106237373860486
-0.02719185123529929
-0.027277269405183654
-0.027362491268767986
-0.027447516212719597
-0.027532343625122906
-0.027616972895484013
-0.02770140341473494
-0.02778563457523818
-0.0278696657707909
-0.02795349639662944
-0.028037125849433603
-0.028120553527330987
-0.028203778829901348
-0.028286801158180906
-0.028369619914666685
-0.028452234503320736
-0.028534644329574508
-0.028616848800333106
-0.028698847323979516
-0.02878063931037895
-0.028862224170882998
-0.028943601318333886
-0.02902477016706881
-0.02910573013292396
