<?xml version="1.0" ?>
<atomicguess symbol="H" basis="STO-3G">
  <guessdensitymatrix>
          1.00000
  </guessdensitymatrix>
  <alphavectors>
          1.00000
  </alphavectors>
  <betavectors>
          1.00000
  </betavectors>
</atomicguess>
<atomicguess symbol="He" basis="STO-3G">
  <guessdensitymatrix>
          2.00000
  </guessdensitymatrix>
  <alphavectors>
          1.00000
  </alphavectors>
  <betavectors>
          1.00000
  </betavectors>
</atomicguess>
<atomicguess symbol="Li" basis="STO-3G">
  <guessdensitymatrix>
     2.04425    -0.22218     0.00000     0.00000     0.00000
    -0.22218     1.06290     0.00000     0.00000     0.00000
     0.00000     0.00000     0.00000     0.00000     0.00000
     0.00000     0.00000     0.00000     0.00000     0.00000
     0.00000     0.00000     0.00000     0.00000     0.00000
  </guessdensitymatrix>
  <alphavectors>
     0.98393     0.30597     0.00000     0.00000     0.00000
     0.05968    -1.02868     0.00000     0.00000     0.00000
     0.00000     0.00000     0.00000     1.00000     0.00000
     0.00000     0.00000     1.00000     0.00000     0.00000
     0.00000     0.00000     0.00000     0.00000    -1.00000
  </alphavectors>
  <betavectors>
     0.98446    -0.30427     0.00000     0.00000     0.00000
     0.05790     1.02878     0.00000     0.00000     0.00000
     0.00000     0.00000     0.00000     1.00000     0.00000
     0.00000     0.00000     1.00000     0.00000     0.00000
     0.00000     0.00000     0.00000     0.00000     1.00000
  </betavectors>
</atomicguess>
<atomicguess symbol="Be" basis="STO-3G">
  <guessdensitymatrix>
     2.14443    -0.55652     0.00000     0.00000     0.00000
    -0.55652     2.14443     0.00000     0.00000     0.00000
     0.00000     0.00000     0.00000     0.00000     0.00000
     0.00000     0.00000     0.00000     0.00000     0.00000
     0.00000     0.00000     0.00000     0.00000     0.00000
  </guessdensitymatrix>
  <alphavectors>
    -0.98625    -0.31547     0.00000     0.00000     0.00000
    -0.04871     1.03433     0.00000     0.00000     0.00000
     0.00000     0.00000     0.00000     1.00000     0.00000
     0.00000     0.00000     0.00000     0.00000     1.00000
     0.00000     0.00000     1.00000     0.00000     0.00000
  </alphavectors>
  <betavectors>
     0.98625    -0.31547     0.00000     0.00000     0.00000
     0.04871     1.03433     0.00000     0.00000     0.00000
     0.00000     0.00000     0.00000     1.00000     0.00000
     0.00000     0.00000     1.00000     0.00000     0.00000
     0.00000     0.00000     0.00000     0.00000     1.00000
  </betavectors>
</atomicguess>
<atomicguess symbol="B" basis="STO-3G">
  <guessdensitymatrix>
     2.15642    -0.58078     0.00000     0.00000     0.00000
    -0.58078     2.15642     0.00000     0.00000     0.00000
     0.00000     0.00000     0.33333     0.00000     0.00000
     0.00000     0.00000     0.00000     0.33333     0.00000
     0.00000     0.00000     0.00000     0.00000     0.33333
  </guessdensitymatrix>
  <alphavectors>
    -0.98732    -0.32158     0.00000     0.00000     0.00000
    -0.04378     1.03745     0.00000     0.00000     0.00000
     0.00000     0.00000     0.00000     1.00000     0.00000
     0.00000     0.00000     0.00000     0.00000     1.00000
     0.00000     0.00000     1.00000     0.00000     0.00000
  </alphavectors>
  <betavectors>
     0.98789    -0.31982     0.00000     0.00000     0.00000
     0.04194     1.03752     0.00000     0.00000     0.00000
     0.00000     0.00000     1.00000     0.00000     0.00000
     0.00000     0.00000     0.00000     1.00000     0.00000
     0.00000     0.00000     0.00000     0.00000     1.00000
  </betavectors>
</atomicguess>
<atomicguess symbol="C" basis="STO-3G">
  <guessdensitymatrix>
     2.13148    -0.52938     0.00000     0.00000     0.00000
    -0.52938     2.13148     0.00000     0.00000     0.00000
     0.00000     0.00000     0.66667     0.00000     0.00000
     0.00000     0.00000     0.00000     0.66667     0.00000
     0.00000     0.00000     0.00000     0.00000     0.66667
  </guessdensitymatrix>
  <alphavectors>
    -0.99094    -0.28944     0.00000     0.00000     0.00000
    -0.03426     1.03178     0.00000     0.00000     0.00000
     0.00000     0.00000     0.00000     1.00000     0.00000
     0.00000     0.00000     1.00000     0.00000     0.00000
     0.00000     0.00000     0.00000     0.00000     1.00000
  </alphavectors>
  <betavectors>
     0.99155    -0.28733     0.00000     0.00000     0.00000
     0.03206     1.03185     0.00000     0.00000     0.00000
     0.00000     0.00000     1.00000     0.00000     0.00000
     0.00000     0.00000     0.00000     1.00000     0.00000
     0.00000     0.00000     0.00000     0.00000     1.00000
  </betavectors>
</atomicguess>
<atomicguess symbol="N" basis="STO-3G">
  <guessdensitymatrix>
     2.11695    -0.49756     0.00000     0.00000     0.00000
    -0.49756     2.11695     0.00000     0.00000     0.00000
     0.00000     0.00000     1.00000     0.00000     0.00000
     0.00000     0.00000     0.00000     1.00000     0.00000
     0.00000     0.00000     0.00000     0.00000     1.00000
  </guessdensitymatrix>
  <alphavectors>
     0.99274     0.27008     0.00000     0.00000     0.00000
     0.02918    -1.02841     0.00000     0.00000     0.00000
     0.00000     0.00000     0.00000     0.00000     1.00000
     0.00000     0.00000     1.00000     0.00000     0.00000
     0.00000     0.00000     0.00000    -1.00000     0.00000
  </alphavectors>
  <betavectors>
     0.99332    -0.26794     0.00000     0.00000     0.00000
     0.02697     1.02847     0.00000     0.00000     0.00000
     0.00000     0.00000     0.00000     0.00000     1.00000
     0.00000     0.00000     0.00000     1.00000     0.00000
     0.00000     0.00000     1.00000     0.00000     0.00000
  </betavectors>
</atomicguess>
<atomicguess symbol="O" basis="STO-3G">
  <guessdensitymatrix>
     2.11871    -0.50151     0.00000     0.00000     0.00000
    -0.50151     2.11871     0.00000     0.00000     0.00000
     0.00000     0.00000     1.33333     0.00000     0.00000
     0.00000     0.00000     0.00000     1.33333     0.00000
     0.00000     0.00000     0.00000     0.00000     1.33333
  </guessdensitymatrix>
  <alphavectors>
     0.99343     0.26916     0.00000     0.00000     0.00000
     0.02636    -1.02891     0.00000     0.00000     0.00000
     0.00000     0.00000     1.00000     0.00000     0.00000
     0.00000     0.00000     0.00000     0.00000     1.00000
     0.00000     0.00000     0.00000    -1.00000     0.00000
  </alphavectors>
  <betavectors>
     0.99372    -0.26808     0.00000     0.00000     0.00000
     0.02525     1.02894     0.00000     0.00000     0.00000
     0.00000     0.00000     0.00000     0.00000     1.00000
     0.00000     0.00000     1.00000     0.00000     0.00000
     0.00000     0.00000     0.00000     1.00000     0.00000
  </betavectors>
</atomicguess>
<atomicguess symbol="F" basis="STO-3G">
  <guessdensitymatrix>
     2.12008    -0.50456     0.00000     0.00000     0.00000
    -0.50456     2.12008     0.00000     0.00000     0.00000
     0.00000     0.00000     1.66667     0.00000     0.00000
     0.00000     0.00000     0.00000     1.66667     0.00000
     0.00000     0.00000     0.00000     0.00000     1.66667
  </guessdensitymatrix>
  <alphavectors>
    -0.99396    -0.26849     0.00000     0.00000     0.00000
    -0.02422     1.02930     0.00000     0.00000     0.00000
     0.00000     0.00000     0.00000     0.00000     1.00000
     0.00000     0.00000     1.00000     0.00000     0.00000
     0.00000     0.00000     0.00000     1.00000     0.00000
  </alphavectors>
  <betavectors>
     0.99407    -0.26806     0.00000     0.00000     0.00000
     0.02378     1.02931     0.00000     0.00000     0.00000
     0.00000     0.00000     0.00000     1.00000     0.00000
     0.00000     0.00000     1.00000     0.00000     0.00000
     0.00000     0.00000     0.00000     0.00000     1.00000
  </betavectors>
</atomicguess>
<atomicguess symbol="Ne" basis="STO-3G">
  <guessdensitymatrix>
     2.12527    -0.51598     0.00000     0.00000     0.00000
    -0.51598     2.12527     0.00000     0.00000     0.00000
     0.00000     0.00000     2.00000     0.00000     0.00000
     0.00000     0.00000     0.00000     2.00000     0.00000
     0.00000     0.00000     0.00000     0.00000     2.00000
  </guessdensitymatrix>
  <alphavectors>
    -0.99416    -0.27254     0.00000     0.00000     0.00000
    -0.02302     1.03058     0.00000     0.00000     0.00000
     0.00000     0.00000     1.00000     0.00000     0.00000
     0.00000     0.00000     0.00000     0.00000     1.00000
     0.00000     0.00000     0.00000     1.00000     0.00000
  </alphavectors>
  <betavectors>
     0.99416    -0.27254     0.00000     0.00000     0.00000
     0.02302     1.03058     0.00000     0.00000     0.00000
     0.00000     0.00000     1.00000     0.00000     0.00000
     0.00000     0.00000     0.00000     0.00000     1.00000
     0.00000     0.00000     0.00000     1.00000     0.00000
  </betavectors>
</Ne>
