xxxx 0 5.85007e-16
j3 size 0
j3 size 44287 6561
  1.0000e+00
 -1.9528e-01 -9.1132e-01 -6.5094e-02
  1.2712e-02  1.7797e-01  3.7288e-01  5.9322e-02 -1.6949e-02
  8.2747e-04 -1.1585e-02 -7.6955e-02 -8.7528e-02 -2.5652e-02  1.5446e-02  1.1952e-03
 -7.1818e-05 -7.5409e-04  5.0991e-03  2.0863e-02  1.1593e-02  6.9544e-03 -6.7988e-03 -1.0892e-03  2.0947e-05
  1.1687e-07  6.5450e-05  3.3485e-04 -1.4399e-03 -3.9235e-03 -3.0216e-04 -1.3078e-03  1.9199e-03  4.8367e-04 -1.9090e-05 -3.0777e-06
  9.8903e-08 -1.0651e-07 -2.9214e-05 -9.6392e-05  2.9172e-04  5.2765e-04 -2.3788e-04  1.7588e-04 -3.8897e-04 -1.3923e-04  8.5208e-06  2.8048e-06  3.7194e-08
 -1.9573e-09 -9.0132e-08  4.7707e-08  8.5048e-06  2.0178e-05 -4.4805e-05 -4.8494e-05  6.3681e-05 -1.6165e-05  5.9740e-05  2.9146e-05 -2.4806e-06 -1.2563e-06 -3.3896e-08  2.4133e-09
 -4.2982e-11  1.7838e-09  4.0471e-08 -1.3991e-08 -1.8134e-06 -3.2626e-06  5.3459e-06  2.1469e-06 -9.8848e-06  7.1564e-07 -7.1278e-06 -4.7126e-06  5.2892e-07  3.6842e-07  1.5220e-08 -2.1993e-09 -6.7416e-11
  1.7737e-12  3.9171e-11 -8.0243e-10 -1.1930e-08  3.0187e-09  3.0138e-07  4.2176e-07 -4.9371e-07  1.9042e-07  1.1044e-06  6.3472e-08  6.5828e-07  6.0921e-07 -8.7903e-08 -7.9491e-08 -4.4866e-09  9.8934e-10  6.1438e-11 -4.4504e-13
 -2.8548e-15 -1.6164e-12 -1.7646e-11  2.3746e-10  2.5954e-09 -5.1037e-10 -4.0536e-08 -4.4399e-08  3.3362e-08 -5.4990e-08 -9.2387e-08 -1.8330e-08 -4.4483e-08 -6.4132e-08  1.1823e-08  1.3440e-08  9.7604e-10 -2.9277e-10 -2.7677e-11  4.0557e-13  3.7534e-14
 -6.4945e-16  2.6016e-15  7.2901e-13  5.2375e-12 -5.1972e-11 -4.4399e-10  7.0298e-11  4.5180e-09  3.8209e-09 -1.2374e-09  7.1830e-09  5.4846e-09  2.3943e-09  1.6498e-09  5.5190e-09 -1.3177e-09 -1.8512e-09 -1.6697e-10  6.4078e-11  8.2148e-12 -1.8292e-13 -3.4206e-14 -2.7280e-16
  7.9623e-18  5.9186e-16 -1.1745e-15 -2.1689e-13 -1.1517e-12  8.9674e-12  6.2138e-11 -8.0934e-12 -4.2314e-10 -2.6435e-10 -5.3048e-11 -6.6832e-10 -1.5675e-10 -2.2277e-10  7.0730e-11 -3.8184e-10  1.2342e-10  2.1313e-10  2.3368e-11 -1.1056e-11 -1.8064e-12  5.4420e-14  1.5442e-14  2.4860e-16 -9.0891e-18
  9.6665e-20 -7.2562e-18 -2.6739e-16  3.5009e-16  4.7868e-14  2.0001e-13 -1.2694e-12 -7.3060e-12  7.9232e-13  3.3481e-11  1.3762e-11  1.4824e-11  4.7877e-11 -1.1321e-11  1.5959e-11 -1.9765e-11  1.9879e-11 -9.7652e-12 -2.0864e-11 -2.7476e-12  1.5651e-12  3.1371e-13 -1.2011e-14 -4.6029e-15 -1.1232e-16  8.2831e-18  1.6512e-19
 -2.7527e-21 -8.8093e-20  3.2804e-18  7.9834e-17 -7.7498e-17 -8.3560e-15 -2.8559e-14  1.5148e-13  7.3520e-13 -6.6680e-14 -2.2260e-12 -3.9717e-13 -1.6235e-12 -2.6140e-12  2.2210e-12 -8.7133e-13  2.1646e-12 -5.7369e-13  6.4924e-13  1.7559e-12  2.7648e-13 -1.8677e-13 -4.4793e-14  2.0966e-15  1.0189e-15  3.3533e-17 -3.7447e-18 -1.5048e-19  5.8062e-22
  4.3866e-24  2.5086e-21  3.9848e-20 -9.8074e-19 -1.7716e-17  1.3584e-17  1.2012e-15  3.4457e-15 -1.5534e-14 -6.4148e-14  4.8496e-15  1.2128e-13 -1.5118e-14  1.2707e-13  9.4671e-14 -2.1056e-13  3.1557e-14 -1.6942e-13 -2.1837e-14 -3.5374e-14 -1.2770e-13 -2.4124e-14  1.9152e-14  5.4043e-15 -3.0139e-16 -1.7860e-16 -7.4415e-18  1.1195e-18  6.8067e-20 -5.2913e-22 -3.8356e-23
  4.5030e-25 -3.9976e-24 -1.1353e-21 -1.1927e-20  2.1809e-19  3.1160e-18 -1.9633e-18 -1.4616e-16 -3.5825e-16  1.3883e-15  4.8957e-15 -3.0444e-16 -5.0015e-15  3.3371e-15 -7.8027e-15 -2.3752e-16  1.4561e-14 -7.9172e-17  1.0404e-14  4.8203e-15  1.4588e-15  8.0169e-15  1.8411e-15 -1.7116e-15 -5.6190e-16  3.6673e-17  2.5813e-17  1.3089e-18 -2.4896e-19 -2.0373e-20  2.3946e-22  3.4955e-23  2.0959e-25
   maxerr in J3 reconstruction on unit sphere 2.503553e-14
maxrelerr in J3 reconstruction on unit sphere 7.432484e-09
