6
-0.531862659238 -0.792768328725 -0.68694551281 -0.255545751768 0.301586368944 0.481722462986 
0.702193700738 1.02074202247 0.840564312611 0.285935762602 -0.325463240762 -0.464503934539 
-0.76126055916 -1.06606875739 -0.747719896008 0.0736172656609 0.95846525674 1.03088486001 
-0.0109163328696 -0.245700966307 -0.697395703011 -0.884266666076 -0.137367548229 1.02768287154 
0.24272180172 0.458318745613 0.552536655193 0.288636703198 -0.401048430759 -0.798809987339 
-0.0155390916764 0.00309585093652 0.0805544183041 0.163881172541 0.071282620536 -0.210671470262 
0.0 1.36478567885 0.0 0.289155449255 0.0 -0.126867969672 
-1.40438740144 0.0 3.03627132296 0.0 -0.696831601209 0.0 
0.0 -3.14203035018 0.0 3.07678909923 0.0 -0.603241376359 
0.0218326646972 0.0 -2.11867616093 0.0 0.695381801118 0.0 
0.0 0.764988479362 0.0 -1.25148969078 0.0 0.285063269363 
0.0310781837006 0.0 0.303809634518 0.0 -0.113054614268 0.0 
0.531862659238 -0.792768328725 0.68694551281 -0.255545751768 -0.301586368944 0.481722462986 
0.702193700738 -1.02074202247 0.840564312611 -0.285935762602 -0.325463240762 0.464503934539 
0.76126055916 -1.06606875739 0.747719896008 0.0736172656609 -0.95846525674 1.03088486001 
-0.0109163328696 0.245700966307 -0.697395703011 0.884266666076 -0.137367548229 -1.02768287154 
-0.24272180172 0.458318745613 -0.552536655193 0.288636703198 0.401048430759 -0.798809987339 
-0.0155390916764 -0.00309585093652 0.0805544183041 -0.163881172541 0.071282620536 0.210671470262 
7
-0.521135983093 -0.766823690416 -0.638270689658 -0.191912997318 0.317349785397 0.319937671052 -0.333234963026 
0.707942759255 1.02670083861 0.835406020921 0.256526402074 -0.364744590445 -0.403882235953 0.294910619533 
-0.731097231607 -0.993112641907 -0.610846682498 0.252552062383 1.00279185777 0.575947318685 -0.937054051564 
-0.0203934254712 -0.255545217011 -0.688966702536 -0.835880814835 -0.0725741154451 0.927801915213 -0.48707011374 
0.224170298696 0.413448179042 0.468354834408 0.178585535379 -0.428310843088 -0.519007463599 0.576321065402 
-0.0137302733634 0.00497577951471 0.078949230121 0.154650703757 0.0589140869487 -0.19161046479 0.0930078149683 
-0.0211681378227 -0.0424002145169 -0.0582949177465 -0.0386136923005 0.0423018853728 0.0831797004451 -0.0803194023055 
0.0 1.38721299457 0.0 0.184606321659 0.0 -0.0976128137439 0.0 
-1.41588551837 0.0 2.98463810854 0.0 -0.673848228609 0.0 0.0548923839899 
0.0 -3.07896491769 0.0 2.78279778838 0.0 -0.520976111806 0.0 
0.0407868497407 0.0 -2.03374363709 0.0 0.65755125235 0.0 -0.0647250861472 
0.0 0.726201029284 0.0 -1.07067473651 0.0 0.234467250025 0.0 
0.027460547105 0.0 0.287608065703 0.0 -0.105836931544 0.0 0.011108053891 
0.0 -0.0618567317669 0.0 0.119514117239 0.0 -0.0281621325433 0.0 
0.521135983093 -0.766823690416 0.638270689658 -0.191912997318 -0.317349785397 0.319937671052 0.333234963026 
0.707942759255 -1.02670083861 0.835406020921 -0.256526402074 -0.364744590445 0.403882235953 0.294910619533 
0.731097231607 -0.993112641907 0.610846682498 0.252552062383 -1.00279185777 0.575947318685 0.937054051564 
-0.0203934254712 0.255545217011 -0.688966702536 0.835880814835 -0.0725741154451 -0.927801915213 -0.48707011374 
-0.224170298696 0.413448179042 -0.468354834408 0.178585535379 0.428310843088 -0.519007463599 -0.576321065402 
-0.0137302733634 -0.00497577951471 0.078949230121 -0.154650703757 0.0589140869487 0.19161046479 0.0930078149683 
0.0211681378227 -0.0424002145169 0.0582949177465 -0.0386136923005 -0.0423018853728 0.0831797004451 0.0803194023055 
8
-0.522294995142 -0.770034369804 -0.644924842817 -0.201208145693 0.312581486095 0.328849853906 -0.326096999052 0.10376261699 
0.680169827803 0.983444956296 0.80122440819 0.273729287076 -0.263357517139 -0.315655113881 0.118692436853 0.0236146757588 
-0.732165684059 -0.997688733459 -0.623080165915 0.231620969284 0.984331764501 0.583768428991 -0.896143868864 0.322371962684 
0.237528773401 0.145029753753 -0.376024062495 -1.00439028153 -1.01798419076 0.131059901493 1.13074556082 -0.7324499853 
0.227375340382 0.421706935935 0.484420547149 0.199564552578 -0.420527224717 -0.543987941886 0.570018550366 -0.188337256175 
-0.0962437609739 -0.123146529279 -0.0210547716745 0.208776572059 0.361461687181 0.0627187366982 -0.424093041146 0.247560674049 
-0.0220296181751 -0.044452776862 -0.061982197918 -0.0429743643578 0.0416662834949 0.0899511287534 -0.0822025477597 0.0261538263252 
0.00973699751955 0.0139502198959 0.00732727674456 -0.0142847254891 -0.0371597915627 -0.0142982424964 0.0484235546549 -0.0267425664089 
0.0 1.38560449121 0.0 0.205073703419 0.0 -0.105193224865 0.0 0.0102732176386 
-1.36033965561 0.0 3.12810997511 0.0 -0.789821238808 0.0 0.0763251934937 0.0 
0.0 -3.07721517246 0.0 2.83019405524 0.0 -0.54074384261 0.0 0.0412502321756 
-0.475057546802 0.0 -3.37472638734 0.0 1.73511518716 0.0 -0.263382208686 0.0 
0.0 0.731888675264 0.0 -1.11627574635 0.0 0.250495291816 0.0 -0.0208939009949 
0.192487521948 0.0 0.716822812623 0.0 -0.450580475847 0.0 0.0746521246486 0.0 
0.0 -0.0637201135922 0.0 0.128813170329 0.0 -0.03114455237 0.0 0.00270953936174 
-0.0194739950391 0.0 -0.0598097354002 0.0 0.0419824792248 0.0 -0.00729504763263 0.0 
0.522294995142 -0.770034369804 0.644924842817 -0.201208145693 -0.312581486095 0.328849853906 0.326096999052 0.10376261699 
0.680169827803 -0.983444956296 0.80122440819 -0.273729287076 -0.263357517139 0.315655113881 0.118692436853 -0.0236146757588 
0.732165684059 -0.997688733459 0.623080165915 0.231620969284 -0.984331764501 0.583768428991 0.896143868864 0.322371962684 
0.237528773401 -0.145029753753 -0.376024062495 1.00439028153 -1.01798419076 -0.131059901493 1.13074556082 0.7324499853 
-0.227375340382 0.421706935935 -0.484420547149 0.199564552578 0.420527224717 -0.543987941886 -0.570018550366 -0.188337256175 
-0.0962437609739 0.123146529279 -0.0210547716745 -0.208776572059 0.361461687181 -0.0627187366982 -0.424093041146 -0.247560674049 
0.0220296181751 -0.044452776862 0.061982197918 -0.0429743643578 -0.0416662834949 0.0899511287534 0.0822025477597 0.0261538263252 
0.00973699751955 -0.0139502198959 0.00732727674456 0.0142847254891 -0.0371597915627 0.0142982424964 0.0484235546549 0.0267425664089 
9
-0.525015121023 -0.80862938239 -0.778857979408 -0.464620779279 0.0393605933351 0.415620062435 0.212126938951 -0.371217422461 0.155499655149 
0.682504228759 0.986937246435 0.803499163419 0.27086513032 -0.273857917959 -0.32316835477 0.14020446397 0.00909234054704 -0.011145963548 
-0.737554589405 -1.07443398613 -0.889499207697 -0.29244050474 0.440641651552 0.756245765524 0.17499992352 -0.622841724429 0.290964339663 
0.254655719181 0.174053944151 -0.345252783399 -0.992863011315 -1.05304227461 0.0673002682026 1.16195776853 -0.702667048489 0.163517456722 
0.233732777084 0.511848140554 0.797209027589 0.814722088931 0.217510096626 -0.746660459852 -0.686835408189 0.920843201604 -0.369741969837 
-0.104170858593 -0.136298543839 -0.0341312348926 0.206135511752 0.381164907832 0.0915162799159 -0.449027693421 0.245067028232 -0.054729001868 
-0.0234492290983 -0.0645582080725 -0.131739882195 -0.180159241258 -0.100611464551 0.135161382143 0.198056106725 -0.221180779518 0.0846953079722 
0.0109200035129 0.0158843494408 0.00916027944613 -0.0141643988938 -0.0404536422117 -0.0185235958496 0.0532111376202 -0.0275183471287 0.00600729304764 
0.00104547449727 0.0037035213525 0.00906176289688 0.014584243641 0.0109896611075 -0.00923875515353 -0.0201045312284 0.0202894280149 -0.00754637463519 
0.0 1.44394892244 0.0 0.783091846031 0.0 -0.360281655069 0.0 0.0470820804606 0.0 
-1.36500845713 0.0 3.11502435308 0.0 -0.781304349795 0.0 0.0751508975694 0.0 -0.00352272022542 
0.0 -2.96106011662 0.0 3.98016384138 0.0 -1.04827094928 0.0 0.114487139743 0.0 
-0.509311437025 0.0 -3.44619191093 0.0 1.8222675659 0.0 -0.284852549589 0.0 0.0196689680301 
0.0 0.595651900341 0.0 -2.46614479979 0.0 0.846207929352 0.0 -0.106854070799 0.0 
0.208341716443 0.0 0.751931738336 0.0 -0.488875195906 0.0 0.0835247843749 0.0 -0.00608176970483 
0.0 -0.0333446087219 0.0 0.429844829645 0.0 -0.163991156029 0.0 0.0218789518605 0.0 
-0.0218400069025 0.0 -0.0652556804906 0.0 0.0474896847921 0.0 -0.00851091829897 0.0 0.000638188999274 
0.0 -0.000163782905337 0.0 -0.0324544831255 0.0 0.0131773465543 0.0 -0.00181699083369 0.0 
0.525015121023 -0.80862938239 0.778857979408 -0.464620779279 -0.0393605933351 0.415620062435 -0.212126938951 -0.371217422461 -0.155499655149 
0.682504228759 -0.986937246435 0.803499163419 -0.27086513032 -0.273857917959 0.32316835477 0.14020446397 -0.00909234054704 -0.011145963548 
0.737554589405 -1.07443398613 0.889499207697 -0.29244050474 -0.440641651552 0.756245765524 -0.17499992352 -0.622841724429 -0.290964339663 
0.254655719181 -0.174053944151 -0.345252783399 0.992863011315 -1.05304227461 -0.0673002682026 1.16195776853 0.702667048489 0.163517456722 
-0.233732777084 0.511848140554 -0.797209027589 0.814722088931 -0.217510096626 -0.746660459852 0.686835408189 0.920843201604 0.369741969837 
-0.104170858593 0.136298543839 -0.0341312348926 -0.206135511752 0.381164907832 -0.0915162799159 -0.449027693421 -0.245067028232 -0.054729001868 
0.0234492290983 -0.0645582080725 0.131739882195 -0.180159241258 0.100611464551 0.135161382143 -0.198056106725 -0.221180779518 -0.0846953079722 
0.0109200035129 -0.0158843494408 0.00916027944613 0.0141643988938 -0.0404536422117 0.0185235958496 0.0532111376202 0.0275183471287 0.00600729304764 
-0.00104547449727 0.0037035213525 -0.00906176289688 0.014584243641 -0.0109896611075 -0.00923875515353 0.0201045312284 0.0202894280149 0.00754637463519 
10
-0.482916466714 -0.752065526617 -0.756291057916 -0.538163090344 -0.164895957874 0.193758110411 0.289619462638 0.0237022689704 -0.215634622337 0.113244848372 
0.76491934172 1.13936014443 1.00414728585 0.447488498624 -0.284709083095 -0.648217977185 -0.15046011991 0.568723966623 -0.297413970972 0.0661114021351 
-0.694918887535 -1.01719451816 -0.866824406027 -0.367313777183 0.233260847253 0.531393052213 0.254301216539 -0.2223348057 -0.0863765696668 0.0880060400349 
0.519666260772 0.663953473068 0.299026673505 -0.427042016885 -1.09093895818 -0.978807098681 0.233668371236 1.09514091214 -0.759514534872 0.196590782238 
0.0561028810498 0.273037595323 0.701422926169 1.12381550412 1.07784921994 0.189247512273 -1.01124059671 -0.745185148261 1.19357254535 -0.530193751862 
-0.259598203812 -0.423700552022 -0.412319116993 -0.126460924347 0.4023611455 0.704885921194 0.0979651389578 -0.810908952227 0.486604810201 -0.118440843098 
0.040591581065 0.0215776227852 -0.0970613942423 -0.291292597442 -0.410427919441 -0.202249776698 0.314362872694 0.379606484959 -0.478539904333 0.200065733759 
0.0382928194205 0.0665120142081 0.0758150365626 0.0445283752037 -0.044025878936 -0.126534427464 -0.0435593612327 0.158800016064 -0.0894133970399 0.0211389053134 
-0.00777639535974 -0.00816796762056 0.00426190507911 0.0298461617587 0.0536143343458 0.0372455691793 -0.0360243669291 -0.0625239073379 0.0700241718901 -0.0282904417237 
-0.00266000841784 -0.00476067744437 -0.00582577920843 -0.00424474572409 0.00205518342076 0.00975165074924 0.00508590776003 -0.0135143276396 0.00730642635942 -0.0016947032286 
0.0 1.62248924374 0.0 1.18087742445 0.0 -0.671883914043 0.0 0.115996234891 0.0 -0.00979127829795 
-1.52983868385 0.0 2.86362374261 0.0 -0.254658946655 0.0 -0.0859130066811 0.0 0.0162786175879 0.0 
0.0 -2.78015024509 0.0 4.38376270246 0.0 -1.36401141121 0.0 0.184241407095 0.0 -0.0133033480652 
-1.03933252218 0.0 -4.25623952884 0.0 3.51264766674 0.0 -0.801004768094 0.0 0.0830222159352 0.0 
0.0 -0.15738302906 0.0 -4.14213617084 0.0 2.16022485396 0.0 -0.397643948632 0.0 0.0358564294267 
0.519196408306 0.0 1.22644842574 0.0 -1.48118123763 0.0 0.386751724395 0.0 -0.0433262845625 0.0 
0.0 0.23807147756 0.0 1.03346171611 0.0 -0.637508498531 0.0 0.126705795346 0.0 -0.0119781151596 
-0.0765856390172 0.0 -0.148734586276 0.0 0.222373935717 0.0 -0.0619821719045 0.0 0.00720898914276 0.0 
0.0 -0.0375405122247 0.0 -0.115504616395 0.0 0.0783658458113 0.0 -0.0162531653697 0.0 0.00157811797725 
0.00532001685566 0.0 0.00927498075291 0.0 -0.0159714534916 0.0 0.00463499818852 0.0 -0.000552024800688 0.0 
0.482916466714 -0.752065526617 0.756291057916 -0.538163090344 0.164895957874 0.193758110411 -0.289619462638 0.0237022689704 0.215634622337 0.113244848372 
0.76491934172 -1.13936014443 1.00414728585 -0.447488498624 -0.284709083095 0.648217977185 -0.15046011991 -0.568723966623 -0.297413970972 -0.0661114021351 
0.694918887535 -1.01719451816 0.866824406027 -0.367313777183 -0.233260847253 0.531393052213 -0.254301216539 -0.2223348057 0.0863765696668 0.0880060400349 
0.519666260772 -0.663953473068 0.299026673505 0.427042016885 -1.09093895818 0.978807098681 0.233668371236 -1.09514091214 -0.759514534872 -0.196590782238 
-0.0561028810498 0.273037595323 -0.701422926169 1.12381550412 -1.07784921994 0.189247512273 1.01124059671 -0.745185148261 -1.19357254535 -0.530193751862 
-0.259598203812 0.423700552022 -0.412319116993 0.126460924347 0.4023611455 -0.704885921194 0.0979651389578 0.810908952227 0.486604810201 0.118440843098 
-0.040591581065 0.0215776227852 0.0970613942423 -0.291292597442 0.410427919441 -0.202249776698 -0.314362872694 0.379606484959 0.478539904333 0.200065733759 
0.0382928194205 -0.0665120142081 0.0758150365626 -0.0445283752037 -0.044025878936 0.126534427464 -0.0435593612327 -0.158800016064 -0.0894133970399 -0.0211389053134 
0.00777639535974 -0.00816796762056 -0.00426190507911 0.0298461617587 -0.0536143343458 0.0372455691793 0.0360243669291 -0.0625239073379 -0.0700241718901 -0.0282904417237 
-0.00266000841784 0.00476067744437 -0.00582577920843 0.00424474572409 0.00205518342076 -0.00975165074924 0.00508590776003 0.0135143276396 0.00730642635942 0.0016947032286 
11
-0.480206866691 -0.747581866324 -0.751504748785 -0.535459812054 -0.167674668878 0.184100536057 0.280205400901 0.0298255697943 -0.201430223229 0.0972856715519 -0.0173668531665 
0.823475607264 1.27313086243 1.24780991697 0.804631587174 0.0613283682439 -0.624442594856 -0.680047884373 0.111939981112 0.654914879758 -0.47786280823 0.143015463632 
-0.694891271171 -1.01656255432 -0.864441343933 -0.362000864418 0.240864681713 0.535340607565 0.244330723139 -0.240171139817 -0.0538721241296 0.066837747488 -0.0157593765246 
0.607229722594 0.864001386367 0.66343533462 0.107114651038 -0.573341908231 -0.943147143753 -0.558356904438 0.411762699611 0.664886919422 -0.616933131948 0.204184041746 
0.0360659322188 0.241819049157 0.673742393428 1.12129001405 1.12361682826 0.274033580617 -0.974253351229 -0.849613546914 1.19546390904 -0.48158806003 0.0777997730868 
-0.357412749155 -0.647153648296 -0.819332486635 -0.723023717731 -0.175638010296 0.665198250594 0.982585313845 -0.0479904625074 -1.1040587421 0.790158935805 -0.237213542763 
0.0500650298148 0.0360357135302 -0.0851765424567 -0.292821282763 -0.435998643225 -0.24442136999 0.301961618893 0.438203502884 -0.496106815338 0.187906908327 -0.0291348615131 
0.0642157496946 0.125729634225 0.183673609598 0.202610701267 0.109126512477 -0.116039147699 -0.277982710562 -0.0433129588944 0.332059263954 -0.219624477908 0.0637207126198 
-0.00944785321411 -0.0106794401776 0.00232208888881 0.0304716023302 0.0586396546318 0.044958625354 -0.0345007943985 -0.0740680309372 0.0753024042543 -0.0275593210416 0.00417307288343 
-0.00569881010335 -0.0117021680056 -0.0184684066475 -0.022773509192 -0.0158944221302 0.00852413573499 0.03256364003 0.0101684545206 -0.0420889000674 0.0265235388398 -0.00753090036438 
0.000721065563228 0.00091271925449 0.000180051539634 -0.00165026037303 -0.00383901199927 -0.00355998625064 0.00187680168078 0.00586216176724 -0.00556107773172 0.00198822825806 -0.000296157896458 
0.0 1.63229458306 0.0 1.19323424207 0.0 -0.690393657219 0.0 0.121882948273 0.0 -0.0106243487828 0.0 
-1.64695121453 0.0 2.87743614275 0.0 0.660489488627 0.0 -0.526071950214 0.0 0.0948801592798 0.0 -0.0081777027236 
0.0 -2.78122284279 0.0 4.37482449407 0.0 -1.36377644179 0.0 0.185630444494 0.0 -0.0136390755566 0.0 
-1.21445944519 0.0 -4.23550199847 0.0 4.88139537436 0.0 -1.4593717002 0.0 0.200596224791 0.0 -0.0151018541894 
0.0 -0.233765998232 0.0 -4.26346331785 0.0 2.29849955728 0.0 -0.436782862202 0.0 0.0409353929132 0.0 
0.71482549831 0.0 1.20339419919 0.0 -3.00982431258 0.0 1.12197677375 0.0 -0.174618785574 0.0 0.0142719992183 
0.0 0.274789278949 0.0 1.0954942486 0.0 -0.703102329533 0.0 0.144525707442 0.0 -0.0142108115423 0.0 
-0.128431499389 0.0 -0.142641478813 0.0 0.627445522325 0.0 -0.256800475786 0.0 0.0419976417509 0.0 -0.00354495545702 
0.0 -0.0440977677564 0.0 -0.127059388039 0.0 0.0899673269001 0.0 -0.0193077175522 0.0 0.00195000699246 0.0 
0.0113976202067 0.0 0.00856272732062 0.0 -0.0634496745582 0.0 0.0274687193027 0.0 -0.00462933611145 0.0 0.000398627898388 
0.0 0.00317025034952 0.0 0.00785068455488 0.0 -0.0059248514216 0.0 0.00130759012234 0.0 -0.000134429575581 0.0 
0.480206866691 -0.747581866324 0.751504748785 -0.535459812054 0.167674668878 0.184100536057 -0.280205400901 0.0298255697943 0.201430223229 0.0972856715519 0.0173668531665 
0.823475607264 -1.27313086243 1.24780991697 -0.804631587174 0.0613283682439 0.624442594856 -0.680047884373 -0.111939981112 0.654914879758 0.47786280823 0.143015463632 
0.694891271171 -1.01656255432 0.864441343933 -0.362000864418 -0.240864681713 0.535340607565 -0.244330723139 -0.240171139817 0.0538721241296 0.066837747488 0.0157593765246 
0.607229722594 -0.864001386367 0.66343533462 -0.107114651038 -0.573341908231 0.943147143753 -0.558356904438 -0.411762699611 0.664886919422 0.616933131948 0.204184041746 
-0.0360659322188 0.241819049157 -0.673742393428 1.12129001405 -1.12361682826 0.274033580617 0.974253351229 -0.849613546914 -1.19546390904 -0.48158806003 -0.0777997730868 
-0.357412749155 0.647153648296 -0.819332486635 0.723023717731 -0.175638010296 -0.665198250594 0.982585313845 0.0479904625074 -1.1040587421 -0.790158935805 -0.237213542763 
-0.0500650298148 0.0360357135302 0.0851765424567 -0.292821282763 0.435998643225 -0.24442136999 -0.301961618893 0.438203502884 0.496106815338 0.187906908327 0.0291348615131 
0.0642157496946 -0.125729634225 0.183673609598 -0.202610701267 0.109126512477 0.116039147699 -0.277982710562 0.0433129588944 0.332059263954 0.219624477908 0.0637207126198 
0.00944785321411 -0.0106794401776 -0.00232208888881 0.0304716023302 -0.0586396546318 0.044958625354 0.0345007943985 -0.0740680309372 -0.0753024042543 -0.0275593210416 -0.00417307288343 
-0.00569881010335 0.0117021680056 -0.0184684066475 0.022773509192 -0.0158944221302 -0.00852413573499 0.03256364003 -0.0101684545206 -0.0420889000674 -0.0265235388398 -0.00753090036438 
-0.000721065563228 0.00091271925449 -0.000180051539634 -0.00165026037303 0.00383901199927 -0.00355998625064 -0.00187680168078 0.00586216176724 0.00556107773172 0.00198822825806 0.000296157896458 
12
-0.477754091235 -0.743497918672 -0.747072485326 -0.532793310492 -0.16989849325 0.175440734522 0.27114939389 0.0349433974778 -0.187333349877 0.081908731673 -0.0106652675129 -0.0013524093634 
0.791418985871 1.24818342667 1.29804974653 1.00465644661 0.436232232294 -0.217117581073 -0.614485788746 -0.425404991047 0.222533316788 0.436800013605 -0.379056480827 0.117653645951 
-0.77487739763 -1.15379048504 -1.02517757817 -0.486495551633 0.254723003468 0.770522884384 0.575557730594 -0.26635763969 -0.604461956137 0.517976864355 -0.161108392445 0.0153223569794 
0.5855948407 0.847763570607 0.699639804633 0.247138086478 -0.312935585003 -0.662332409724 -0.516616238671 0.0373589498182 0.371554567319 0.0159526928588 -0.160836392245 0.0685921042891 
-0.25426808554 -0.255434204222 0.0937315189797 0.67735449439 1.18639112621 1.13788676579 0.22079562246 -0.974332422548 -0.785895142701 1.16928473045 -0.466896647585 0.0616118141812 
-0.281187812436 -0.586964334455 -0.935470375667 -1.19141082093 -1.05656157343 -0.295122892701 0.822838502202 1.21348253147 -0.0762022321944 -1.3667925875 0.989804936738 -0.287189469231 
0.23660482629 0.355732713006 0.288326787267 -0.00563813334986 -0.473315580461 -0.797168211422 -0.468094369971 0.510854294996 0.783725785056 -0.872807445403 0.318606634258 -0.0384401052661 
0.0325983745477 0.100447528628 0.230637324985 0.394261623956 0.470698955709 0.279311790204 -0.21031172454 -0.560678215535 -0.0942569932472 0.668688654679 -0.440143914346 0.121876912982 
-0.0503972510116 -0.0808964150228 -0.0798168495718 -0.0329100444365 0.0663144350427 0.16593041193 0.134987076843 -0.0886946165235 -0.207149398292 0.205703342424 -0.072022008972 0.00830391245257 
-0.000165541214156 -0.00722769788995 -0.026496748518 -0.0559000253722 -0.0785738027977 -0.060205678142 0.0204911360809 0.0998081879139 0.0325777502172 -0.128082047238 0.079974555725 -0.0215567124765 
0.00519599725585 0.00859036532854 0.00917362533177 0.00531622236178 -0.00461689653806 -0.0167383221206 -0.0167018946893 0.00730192633159 0.0255085470344 -0.0235840021474 0.00803299970275 -0.00089767250989 
-0.000234532370612 0.000180460571656 0.00173968508 0.00439278842865 0.00688440219802 0.00610613014798 -0.000791931375747 -0.00920878424452 -0.00428397358574 0.012773065645 -0.00769069788553 0.00203408796572 
0.0 1.64112001684 0.0 1.20402319002 0.0 -0.707003779481 0.0 0.127183521442 0.0 -0.0113704651993 0.0 0.000578292444506 
-1.58283797174 0.0 3.25064188349 0.0 1.51793021266 0.0 -1.22975138683 0.0 0.27958419993 0.0 -0.0322327672162 0.0 
0.0 -3.060927111 0.0 4.08582011522 0.0 -0.793568579642 0.0 -0.018372913397 0.0 0.0186014288191 0.0 -0.00220024213366 
-1.1711896814 0.0 -3.97894129957 0.0 5.47633111845 0.0 -1.9449021989 0.0 0.327560543794 0.0 -0.03157430011 0.0 
0.0 -1.25075255154 0.0 -5.32580831864 0.0 4.36184593835 0.0 -1.17042463587 0.0 0.156220327103 0.0 -0.0120491455096 
0.562375624872 0.0 0.322789143755 0.0 -5.02484652983 0.0 2.77928662751 0.0 -0.610213275243 0.0 0.0710718475757 0.0 
0.0 0.927780882664 0.0 1.7747808485 0.0 -2.02994479473 0.0 0.617265264996 0.0 -0.0886280581811 0.0 0.0071768457681 
-0.0651967490954 0.0 0.220145592115 0.0 1.45458066107 0.0 -0.938427303434 0.0 0.221359608057 0.0 -0.0269579623217 0.0 
0.0 -0.187369563203 0.0 -0.275609845353 0.0 0.381381730617 0.0 -0.123284100991 0.0 0.0183362020713 0.0 -0.00152027200278 
0.000331082428312 0.0 -0.0545355796587 0.0 -0.206826185568 0.0 0.145824479464 0.0 -0.0358026849281 0.0 0.00447111576267 0.0 
0.0 0.0188181937325 0.0 0.024016999244 0.0 -0.0377834226582 0.0 0.0126907809231 0.0 -0.00193024116188 0.0 0.000162499438218 
0.000469064741224 0.0 0.00560947679887 0.0 0.0168503426569 0.0 -0.0126033244391 0.0 0.0031773955083 0.0 -0.000403563655345 0.0 
0.477754091235 -0.743497918672 0.747072485326 -0.532793310492 0.16989849325 0.175440734522 -0.27114939389 0.0349433974778 0.187333349877 0.081908731673 0.0106652675129 -0.0013524093634 
0.791418985871 -1.24818342667 1.29804974653 -1.00465644661 0.436232232294 0.217117581073 -0.614485788746 0.425404991047 0.222533316788 -0.436800013605 -0.379056480827 -0.117653645951 
0.77487739763 -1.15379048504 1.02517757817 -0.486495551633 -0.254723003468 0.770522884384 -0.575557730594 -0.26635763969 0.604461956137 0.517976864355 0.161108392445 0.0153223569794 
0.5855948407 -0.847763570607 0.699639804633 -0.247138086478 -0.312935585003 0.662332409724 -0.516616238671 -0.0373589498182 0.371554567319 -0.0159526928588 -0.160836392245 -0.0685921042891 
0.25426808554 -0.255434204222 -0.0937315189797 0.67735449439 -1.18639112621 1.13788676579 -0.22079562246 -0.974332422548 0.785895142701 1.16928473045 0.466896647585 0.0616118141812 
-0.281187812436 0.586964334455 -0.935470375667 1.19141082093 -1.05656157343 0.295122892701 0.822838502202 -1.21348253147 -0.0762022321944 1.3667925875 0.989804936738 0.287189469231 
-0.23660482629 0.355732713006 -0.288326787267 -0.00563813334986 0.473315580461 -0.797168211422 0.468094369971 0.510854294996 -0.783725785056 -0.872807445403 -0.318606634258 -0.0384401052661 
0.0325983745477 -0.100447528628 0.230637324985 -0.394261623956 0.470698955709 -0.279311790204 -0.21031172454 0.560678215535 -0.0942569932472 -0.668688654679 -0.440143914346 -0.121876912982 
0.0503972510116 -0.0808964150228 0.0798168495718 -0.0329100444365 -0.0663144350427 0.16593041193 -0.134987076843 -0.0886946165235 0.207149398292 0.205703342424 0.072022008972 0.00830391245257 
-0.000165541214156 0.00722769788995 -0.026496748518 0.0559000253722 -0.0785738027977 0.060205678142 0.0204911360809 -0.0998081879139 0.0325777502172 0.128082047238 0.079974555725 0.0215567124765 
-0.00519599725585 0.00859036532854 -0.00917362533177 0.00531622236178 0.00461689653806 -0.0167383221206 0.0167018946893 0.00730192633159 -0.0255085470344 -0.0235840021474 -0.00803299970275 -0.00089767250989 
-0.000234532370612 -0.000180460571656 0.00173968508 -0.00439278842865 0.00688440219802 -0.00610613014798 -0.000791931375747 0.00920878424452 -0.00428397358574 -0.012773065645 -0.00769069788553 -0.00203408796572 
13
-0.508941185474 -0.803872775067 -0.837193982362 -0.64592620087 -0.272094396685 0.154044959237 0.394689876938 0.233612542781 -0.195475914508 -0.260402882 0.291771444368 -0.114985716395 0.0187884480988 
0.78559869505 1.23939515058 1.29072245594 1.00450647558 0.449366284168 -0.190063404131 -0.588188209085 -0.429288477067 0.18143395528 0.434347973119 -0.338774213995 0.0886514835771 -0.00271193884026 
-0.873885471766 -1.3454706609 -1.31132584448 -0.845755385386 -0.0698848327744 0.702404360938 0.96768931323 0.364583204456 -0.629876169941 -0.569291691528 0.79909850332 -0.345264910189 0.0613938052175 
0.584174712306 0.844922822022 0.695138760622 0.240989371686 -0.319215169527 -0.664424707625 -0.508605241207 0.0536438844723 0.374214099224 -0.0260315335386 -0.117817828678 0.0479586466148 -0.00402373758562 
-0.389215526734 -0.516714466085 -0.296370725919 0.187490775453 0.743627011131 1.04467276904 0.755141100078 -0.113921862591 -0.819714244955 -0.313658680537 0.841955409928 -0.429534723027 0.0867760972372 
-0.262929043508 -0.560808234586 -0.917990770505 -1.20334560932 -1.11701379606 -0.397639042836 0.743576289186 1.26064178642 0.0784848388818 -1.44310583857 0.930805177029 -0.223725831864 0.0040678676315 
0.395621193663 0.663588325086 0.747903980888 0.571356781388 0.0480167556787 -0.687782327016 -1.09788389471 -0.502428722378 0.824629069601 0.873101273389 -1.22319946054 0.540481544622 -0.0988817708734 
0.0233512168763 0.0876160596298 0.223402687257 0.403950731961 0.506970625602 0.336415278724 -0.171119982329 -0.594838481413 -0.180165098473 0.732019047839 -0.43005730241 0.0978211338741 -0.000909919065701 
-0.100379259149 -0.177656930811 -0.224252752501 -0.214228049115 -0.0974784142235 0.131629369433 0.332964309777 0.22968726436 -0.220201933228 -0.342745251525 0.412445677724 -0.173653409943 0.0306240534657 
0.00175395968976 -0.00463108076095 -0.0252556550939 -0.058498451826 -0.0870141404234 -0.0728942833148 0.0125089526162 0.108554746131 0.05162941944 -0.145204511022 0.0810698772117 -0.0178659755197 7.24397212896e-05 
0.0127062693111 0.0231288693096 0.0308737758131 0.0325545955114 0.0199837846869 -0.0115962924028 -0.0464527832422 -0.0405203975688 0.0274996394681 0.0587720714094 -0.0647335728073 0.0264376057671 -0.00455275188814 
-0.00044977599095 -0.000103769844326 0.00162755884582 0.00474508698506 0.00792539884422 0.00761562790702 8.72647920061e-05 -0.0103613715665 -0.00654682036082 0.0151056874884 -0.00814441560699 0.00175539468082 -5.26199743264e-07 
-0.000949220099621 -0.00175918441829 -0.00243022613972 -0.00271297411142 -0.00191946682335 0.000524833711916 0.00365188192239 0.00376281019982 -0.00190615054688 -0.00550711241725 0.0057054927945 -0.00227938962469 0.00038572887288 
0.0 1.54579920003 0.0 1.20048667192 0.0 -0.368585870023 0.0 -0.0556250715415 0.0 0.0283673451367 0.0 -0.00405784866567 0.0 
-1.57119739023 0.0 3.28532385095 0.0 1.56138978505 0.0 -1.28944283131 0.0 0.300526506803 0.0 -0.0357708514205 0.0 0.00254187377353 
0.0 -3.36351482662 0.0 4.07478018366 0.0 0.281075596817 0.0 -0.598984586699 0.0 0.144829315907 0.0 -0.0169292189934 0.0 
-1.16834942445 0.0 -3.97584183405 0.0 5.46924335587 0.0 -1.94983642664 0.0 0.331379446674 0.0 -0.0324733272268 0.0 0.00200649778685 
0.0 -1.66313533746 0.0 -5.3404995036 0.0 5.82712833698 0.0 -1.96229129499 0.0 0.328411143854 0.0 -0.0321456011138 0.0 
0.525858087823 0.0 0.203104414007 0.0 -5.19708985257 0.0 2.9860886586 0.0 -0.678530768069 0.0 0.0820984687705 0.0 -0.0059701695707 
0.0 1.41376738183 0.0 1.79252320773 0.0 -3.7559407185 0.0 1.5498009178 0.0 -0.291369856788 0.0 0.0308345583951 0.0 
-0.0467024342779 0.0 0.283957813403 0.0 1.55236288045 0.0 -1.04890450293 0.0 0.256728651779 0.0 -0.0325210443791 0.0 0.0024404998502 
0.0 -0.340134045909 0.0 -0.281262445627 0.0 0.923791338563 0.0 -0.416304904741 0.0 0.0820359117009 0.0 -0.00895269357138 0.0 
-0.00350791925188 0.0 -0.0682967441732 0.0 -0.228823131465 0.0 0.169682126434 0.0 -0.043268477141 0.0 0.0056224429653 0.0 -0.000429456600104 
0.0 0.041773877475 0.0 0.0248774718308 0.0 -0.119270796711 0.0 0.0567068305376 0.0 -0.0114981341488 0.0 0.00127879508319 0.0 
0.000899551965685 0.0 0.00720604086217 0.0 0.0194933107122 0.0 -0.0153745848468 0.0 0.00402743577915 0.0 -0.000532310518974 0.0 4.11497671453e-05 
0.0 -0.00305802092477 0.0 -0.00135339818666 0.0 0.00916628757494 0.0 -0.00452002028989 0.0 0.000934654936533 0.0 -0.000105333320313 0.0 
0.508941185474 -0.803872775067 0.837193982362 -0.64592620087 0.272094396685 0.154044959237 -0.394689876938 0.233612542781 0.195475914508 -0.260402882 -0.291771444368 -0.114985716395 -0.0187884480988 
0.78559869505 -1.23939515058 1.29072245594 -1.00450647558 0.449366284168 0.190063404131 -0.588188209085 0.429288477067 0.18143395528 -0.434347973119 -0.338774213995 -0.0886514835771 -0.00271193884026 
0.873885471766 -1.3454706609 1.31132584448 -0.845755385386 0.0698848327744 0.702404360938 -0.96768931323 0.364583204456 0.629876169941 -0.569291691528 -0.79909850332 -0.345264910189 -0.0613938052175 
0.584174712306 -0.844922822022 0.695138760622 -0.240989371686 -0.319215169527 0.664424707625 -0.508605241207 -0.0536438844723 0.374214099224 0.0260315335386 -0.117817828678 -0.0479586466148 -0.00402373758562 
0.389215526734 -0.516714466085 0.296370725919 0.187490775453 -0.743627011131 1.04467276904 -0.755141100078 -0.113921862591 0.819714244955 -0.313658680537 -0.841955409928 -0.429534723027 -0.0867760972372 
-0.262929043508 0.560808234586 -0.917990770505 1.20334560932 -1.11701379606 0.397639042836 0.743576289186 -1.26064178642 0.0784848388818 1.44310583857 0.930805177029 0.223725831864 0.0040678676315 
-0.395621193663 0.663588325086 -0.747903980888 0.571356781388 -0.0480167556787 -0.687782327016 1.09788389471 -0.502428722378 -0.824629069601 0.873101273389 1.22319946054 0.540481544622 0.0988817708734 
0.0233512168763 -0.0876160596298 0.223402687257 -0.403950731961 0.506970625602 -0.336415278724 -0.171119982329 0.594838481413 -0.180165098473 -0.732019047839 -0.43005730241 -0.0978211338741 -0.000909919065701 
0.100379259149 -0.177656930811 0.224252752501 -0.214228049115 0.0974784142235 0.131629369433 -0.332964309777 0.22968726436 0.220201933228 -0.342745251525 -0.412445677724 -0.173653409943 -0.0306240534657 
0.00175395968976 0.00463108076095 -0.0252556550939 0.058498451826 -0.0870141404234 0.0728942833148 0.0125089526162 -0.108554746131 0.05162941944 0.145204511022 0.0810698772117 0.0178659755197 7.24397212896e-05 
-0.0127062693111 0.0231288693096 -0.0308737758131 0.0325545955114 -0.0199837846869 -0.0115962924028 0.0464527832422 -0.0405203975688 -0.0274996394681 0.0587720714094 0.0647335728073 0.0264376057671 0.00455275188814 
-0.00044977599095 0.000103769844326 0.00162755884582 -0.00474508698506 0.00792539884422 -0.00761562790702 8.72647920061e-05 0.0103613715665 -0.00654682036082 -0.0151056874884 -0.00814441560699 -0.00175539468082 -5.26199743264e-07 
0.000949220099621 -0.00175918441829 0.00243022613972 -0.00271297411142 0.00191946682335 0.000524833711916 -0.00365188192239 0.00376281019982 0.00190615054688 -0.00550711241725 -0.0057054927945 -0.00227938962469 -0.00038572887288 
14
-0.514423383143 -0.815600965617 -0.857363347207 -0.675673401348 -0.306284484594 0.131704189946 0.407430249467 0.283611268394 -0.163479903539 -0.326596881564 0.299799287347 -0.0919662310204 0.00456990018834 0.00394270967132 
0.755130828532 1.19011199538 1.2395576948 0.974678462685 0.472341973374 -0.0925269235358 -0.44866738092 -0.371668152316 0.0370960691121 0.256562098677 -0.0403327217351 -0.0686688606151 0.0328528120761 -0.0036766259006 
-0.886510478498 -1.37309315593 -1.3601449335 -0.919634056923 -0.157427367159 0.640824446362 0.991680269998 0.486742669397 -0.539237723695 -0.717199516266 0.783611780233 -0.263327081885 0.0173763608983 0.0107545709443 
0.640142905628 0.935546705684 0.789490854686 0.296619940128 -0.360058648727 -0.842162524605 -0.764620906622 -0.0542274725792 0.636728952916 0.303559970348 -0.664827579441 0.334119528963 -0.0677307203167 -0.000941687840598 
-0.397619285462 -0.536646470693 -0.334838189057 0.124779870355 0.663176090333 0.978165513396 0.757637342423 -0.0149355322552 -0.716679533254 -0.400685125327 0.746050971061 -0.302116127168 0.0290710644393 0.0112229410789 
-0.0340225890687 -0.190334932022 -0.532775702473 -0.977382474516 -1.28660777646 -1.12727409237 -0.304086606082 0.823189339499 1.15715088502 -0.100381571865 -1.30937101345 0.952475389686 -0.259752232711 0.0112100078023 
0.419180564528 0.714442543024 0.836331750399 0.703163696022 0.201454627023 -0.584285263836 -1.14868701358 -0.722506497488 0.674550807776 1.15435430365 -1.23266715306 0.420154651773 -0.0293990264947 -0.0170161464703 
-0.134562174013 -0.167993002035 -0.0424765576348 0.247759415587 0.623470504683 0.83925428574 0.551561236712 -0.292279177679 -0.923399283308 -0.195629691817 1.11542507086 -0.712970150223 0.180671078978 -0.00560497132892 
-0.110822940958 -0.199713400323 -0.261571050388 -0.268394015661 -0.158510887269 0.0937864072733 0.359731241833 0.321690366925 -0.167105855674 -0.471083045314 0.443652441229 -0.143278357904 0.00876269692503 0.00597105194188 
0.042142500734 0.0607511268807 0.0427726592328 -0.0184910967223 -0.116716171553 -0.201408558535 -0.172323046696 0.0310155742336 0.241562978253 0.092360170636 -0.314316304253 0.189460315139 -0.0463212277468 0.00115397417149 
0.0148051367535 0.0274999331392 0.0381355218628 0.0429007328543 0.0313653615563 -0.00500816816214 -0.0523700707099 -0.0583084712916 0.018527055615 0.0850367759204 -0.0744336986454 0.0232445735559 -0.00129175030815 -0.000986559851613 
-0.00589279926128 -0.00891603560704 -0.00754402891702 -0.000654854999343 0.0119151152997 0.0249222766142 0.0249966368573 0.000110617608255 -0.0321224925003 -0.0169571579498 0.045164394259 -0.0261861315443 0.00624811069352 -0.000129267140433 
-0.00118785012507 -0.00225090722123 -0.00323558816819 -0.00384336823485 -0.00313828184581 -0.000137669354 0.00437047193933 0.00572569434188 -0.00103022934488 -0.00853470571678 0.0071013800572 -0.00216476922966 0.000111507976124 9.311586069e-05 
0.000476521212117 0.000739219025944 0.000678818322555 0.000199399765463 -0.000757034016508 -0.00185904509555 -0.00208020836641 -0.000266757928346 0.00252782083264 0.00167833369812 -0.00383891825285 0.00216320557973 -0.000506841583504 8.86946717175e-06 
0.0 1.53127379662 0.0 1.21939318231 0.0 -0.273416839978 0.0 -0.121215166092 0.0 0.0456247284904 0.0 -0.0064961544559 0.0 0.000519117228988 
-1.51026165706 0.0 3.441700681 0.0 1.70594992896 0.0 -1.56403973275 0.0 0.409766703713 0.0 -0.0561667353664 0.0 0.00473055088371 0.0 
0.0 -3.39573845972 0.0 4.12919349798 0.0 0.520949630873 0.0 -0.769559819259 0.0 0.190628755658 0.0 -0.0235116084357 0.0 0.00174293551381 
-1.28028581126 0.0 -4.26239109689 0.0 5.20602086372 0.0 -1.4460326671 0.0 0.13037003223 0.0 0.00515328941897 0.0 -0.00204228779057 0.0 
0.0 -1.68149428231 0.0 -5.2768935991 0.0 6.03895661554 0.0 -2.1250157595 0.0 0.374153145677 0.0 -0.0389630665775 0.0 0.0026072993925 
0.0680451781374 0.0 -0.970182823675 0.0 -6.27798688169 0.0 5.04769195552 0.0 -1.49995500049 0.0 0.235672550316 0.0 -0.0224738598689 0.0 
0.0 1.47528307601 0.0 1.70324733402 0.0 -4.18018813815 0.0 1.84605547634 0.0 -0.369990602862 0.0 0.0420240866185 0.0 -0.00299261283566 
0.269124348026 0.0 1.09309874274 0.0 2.29716614269 0.0 -2.47083392796 0.0 0.823476386894 0.0 -0.138511004546 0.0 0.0138339339631 0.0 
0.0 -0.368377066599 0.0 -0.25031597582 0.0 1.09541492751 0.0 -0.532125648046 0.0 0.112076628038 0.0 -0.0131444637268 0.0 0.000957348161154 
-0.084285001468 0.0 -0.275194865931 0.0 -0.419149569685 0.0 0.533294232713 0.0 -0.188229429684 0.0 0.0327371273182 0.0 -0.00334466626053 0.0 
0.0 0.0475731320186 0.0 0.0197506904472 0.0 -0.151679196003 0.0 0.0780187935387 0.0 -0.0169257682829 0.0 0.00202382099231 0.0 -0.00014944178955 
0.0117855985226 0.0 0.0350818251316 0.0 0.0451194160058 0.0 -0.0643670596192 0.0 0.023563582429 0.0 -0.00418710872671 0.0 0.00043414993123 0.0 
0.0 -0.0037278528664 0.0 -0.000863495732287 0.0 0.0126735556357 0.0 -0.00677573232973 0.0 0.00149980467058 0.0 -0.000181738588455 0.0 1.35494565166e-05 
-0.000953042424235 0.0 -0.00269211064163 0.0 -0.00311234222097 0.0 0.00482554252727 0.0 -0.00181209167803 0.0 0.000326909402619 0.0 -3.42562895097e-05 0.0 
0.514423383143 -0.815600965617 0.857363347207 -0.675673401348 0.306284484594 0.131704189946 -0.407430249467 0.283611268394 0.163479903539 -0.326596881564 -0.299799287347 -0.0919662310204 -0.00456990018834 0.00394270967132 
0.755130828532 -1.19011199538 1.2395576948 -0.974678462685 0.472341973374 0.0925269235358 -0.44866738092 0.371668152316 0.0370960691121 -0.256562098677 -0.0403327217351 0.0686688606151 0.0328528120761 0.0036766259006 
0.886510478498 -1.37309315593 1.3601449335 -0.919634056923 0.157427367159 0.640824446362 -0.991680269998 0.486742669397 0.539237723695 -0.717199516266 -0.783611780233 -0.263327081885 -0.0173763608983 0.0107545709443 
0.640142905628 -0.935546705684 0.789490854686 -0.296619940128 -0.360058648727 0.842162524605 -0.764620906622 0.0542274725792 0.636728952916 -0.303559970348 -0.664827579441 -0.334119528963 -0.0677307203167 0.000941687840598 
0.397619285462 -0.536646470693 0.334838189057 0.124779870355 -0.663176090333 0.978165513396 -0.757637342423 -0.0149355322552 0.716679533254 -0.400685125327 -0.746050971061 -0.302116127168 -0.0290710644393 0.0112229410789 
-0.0340225890687 0.190334932022 -0.532775702473 0.977382474516 -1.28660777646 1.12727409237 -0.304086606082 -0.823189339499 1.15715088502 0.100381571865 -1.30937101345 -0.952475389686 -0.259752232711 -0.0112100078023 
-0.419180564528 0.714442543024 -0.836331750399 0.703163696022 -0.201454627023 -0.584285263836 1.14868701358 -0.722506497488 -0.674550807776 1.15435430365 1.23266715306 0.420154651773 0.0293990264947 -0.0170161464703 
-0.134562174013 0.167993002035 -0.0424765576348 -0.247759415587 0.623470504683 -0.83925428574 0.551561236712 0.292279177679 -0.923399283308 0.195629691817 1.11542507086 0.712970150223 0.180671078978 0.00560497132892 
0.110822940958 -0.199713400323 0.261571050388 -0.268394015661 0.158510887269 0.0937864072733 -0.359731241833 0.321690366925 0.167105855674 -0.471083045314 -0.443652441229 -0.143278357904 -0.00876269692503 0.00597105194188 
0.042142500734 -0.0607511268807 0.0427726592328 0.0184910967223 -0.116716171553 0.201408558535 -0.172323046696 -0.0310155742336 0.241562978253 -0.092360170636 -0.314316304253 -0.189460315139 -0.0463212277468 -0.00115397417149 
-0.0148051367535 0.0274999331392 -0.0381355218628 0.0429007328543 -0.0313653615563 -0.00500816816214 0.0523700707099 -0.0583084712916 -0.018527055615 0.0850367759204 0.0744336986454 0.0232445735559 0.00129175030815 -0.000986559851613 
-0.00589279926128 0.00891603560704 -0.00754402891702 0.000654854999343 0.0119151152997 -0.0249222766142 0.0249966368573 -0.000110617608255 -0.0321224925003 0.0169571579498 0.045164394259 0.0261861315443 0.00624811069352 0.000129267140433 
0.00118785012507 -0.00225090722123 0.00323558816819 -0.00384336823485 0.00313828184581 -0.000137669354 -0.00437047193933 0.00572569434188 0.00103022934488 -0.00853470571678 -0.0071013800572 -0.00216476922966 -0.000111507976124 9.311586069e-05 
0.000476521212117 -0.000739219025944 0.000678818322555 -0.000199399765463 -0.000757034016508 0.00185904509555 -0.00208020836641 0.000266757928346 0.00252782083264 -0.00167833369812 -0.00383891825285 -0.00216320557973 -0.000506841583504 -8.86946717175e-06 
15
-0.513541728135 -0.827278754922 -0.906320794228 -0.788411571237 -0.491413247349 -0.0806068684808 0.295042490241 0.421818155274 0.167907666988 -0.251037969809 -0.26604634774 0.330943421218 -0.119969480035 0.00872427936331 0.00555008155104 
0.796258682179 1.26392417615 1.33751173281 1.08285274798 0.55768393613 -0.0839646003801 -0.562399984532 -0.569701614632 -0.0601139684179 0.447363624859 0.205413793313 -0.475075989342 0.249253494769 -0.0525758645837 -0.00117997582361 
-0.884768081711 -1.39809616606 -1.46430718033 -1.15912440376 -0.55038427062 0.190519290831 0.753839334786 0.780737535445 0.163863807104 -0.558501779147 -0.416358595332 0.634864002655 -0.247786664229 0.0212615730958 0.0110132476217 
0.774865304737 1.17722739423 1.10994121287 0.649984166797 -0.0822124565782 -0.816294006107 -1.13872088644 -0.701994037877 0.322213944855 0.931306250278 0.133113800207 -0.99550091655 0.643947396215 -0.163534253633 0.00304975392281 
-0.397221350814 -0.548344006031 -0.381676444423 0.0181660977811 0.489153249692 0.779763108446 0.654389695271 0.117095690209 -0.406237843756 -0.335367731661 0.218128254954 0.0968309869924 -0.0905422857503 0.016861481962 0.00275793241592 
0.145825946572 0.132201932758 -0.105368819892 -0.506551311084 -0.917252130188 -1.09473081319 -0.80492037458 -0.0407397620643 0.740827894198 0.740186461049 -0.250356290952 -0.821476401105 0.693258908051 -0.208217377029 0.0105563992314 
0.415214370625 0.765122158483 1.04943656241 1.1942658401 1.00822802189 0.341332305238 -0.658130544529 -1.32423295724 -0.770276430455 0.822722651141 1.23693569817 -1.42516226755 0.51407565586 -0.0379528644866 -0.023803920835 
-0.355802941515 -0.564866068635 -0.568663282167 -0.332403477934 0.167422421491 0.79708537482 1.16619497802 0.771529435738 -0.407302240506 -1.22715224778 -0.19503133335 1.47246288915 -0.9902082791 0.262532206474 -0.00740611862239 
-0.10865099341 -0.224577150236 -0.367148894022 -0.51228147647 -0.559662325464 -0.367021724718 0.114662240315 0.619923040512 0.551950095884 -0.303244992413 -0.787208186606 0.774739572587 -0.260898742877 0.0160279670765 0.0125560567807 
0.121513134036 0.203150378457 0.231623045679 0.189831425375 0.0472179237716 -0.185870870325 -0.392555317039 -0.350862499723 0.0556230398479 0.461987423756 0.157493585845 -0.595587028762 0.373780493819 -0.0948429352703 0.00188035812768 
0.0142888115575 0.0329309815851 0.0613876208211 0.0967209440784 0.119982239841 0.0968924094884 0.00198129107454 -0.12401569291 -0.140450525411 0.0473924789216 0.198110646271 -0.179753926777 0.0582370305082 -0.0031619044252 -0.00286578827658 
-0.0202895458479 -0.0347487100245 -0.0418123746763 -0.0384734640746 -0.0178753340767 0.0220351733746 0.0649000513725 0.0694214750679 0.00174060305237 -0.0839351404456 -0.0407220056142 0.116430092186 -0.0699995681791 0.0172674611914 -0.00024745566847 
-0.00111848665872 -0.00292333143031 -0.00613918149771 -0.0105779831279 -0.0142390086863 -0.0129160815361 -0.00246575290173 0.013934430524 0.0189029294549 -0.00374349995235 -0.0271314729308 0.0233009468713 -0.00734605314118 0.000361381816357 0.000367310470683 
0.00203936261524 0.00354388510939 0.00440039304211 0.00430850430277 0.00248328075603 -0.00153766399943 -0.00640698957572 -0.00779618067903 -0.00116427526312 0.00894180160472 0.00552205637144 -0.0133480079959 0.00777897766043 -0.00187926968748 1.91881422525e-05 
5.60427316252e-05 0.000171527187539 0.000404183389033 0.000747752825697 0.00106623838241 0.0010425758791 0.00031204602942 -0.000989992991343 -0.00155242935165 0.000141638411174 0.00229279636983 -0.00189096923529 0.000583979967392 -2.64502089482e-05 -2.95600440035e-05 
0.0 1.56073766634 0.0 1.45924887119 0.0 0.183768305557 0.0 -0.567747770093 0.0 0.189837410076 0.0 -0.0307357459161 0.0 0.00299353466379 0.0 
-1.59251736436 0.0 3.28570987532 0.0 1.69313649389 0.0 -1.1658955206 0.0 0.173455600959 0.0 0.00384376339068 0.0 -0.00385386004854 0.0 0.000511882853236 
0.0 -3.33366074797 0.0 4.63764861363 0.0 1.49133964584 0.0 -1.71659358857 0.0 0.496339489607 0.0 -0.0748735585405 0.0 0.00698360499053 0.0 
-1.54973060947 0.0 -4.7741719922 0.0 5.16124612243 0.0 -0.143386101006 0.0 -0.641223631396 0.0 0.200797045054 0.0 -0.0299868615217 0.0 0.00271356970561 
0.0 -1.65534223509 0.0 -5.05363927772 0.0 6.46862486894 0.0 -2.5421999918 0.0 0.508413475444 0.0 -0.0614562041959 0.0 0.00489551820386 0.0 
-0.291651893144 0.0 -1.65411957708 0.0 -6.34032180264 0.0 6.78520144191 0.0 -2.52767354853 0.0 0.495976450825 0.0 -0.0596142341837 0.0 0.00474262267104 
0.0 1.34644522061 0.0 0.657439616419 0.0 -6.1722823546 0.0 3.79229024485 0.0 -0.998615586411 0.0 0.147690455512 0.0 -0.0137794360067 0.0 
0.71160588303 0.0 1.93365382205 0.0 2.37111412359 0.0 -4.60959094533 0.0 2.08999144235 0.0 -0.459568881452 0.0 0.0596796191832 0.0 -0.00502285645595 
0.0 -0.303601858544 0.0 0.27067634808 0.0 2.08586022657 0.0 -1.50085310978 0.0 0.425162217207 0.0 -0.0657991524769 0.0 0.00633536223247 0.0 
-0.243026268071 0.0 -0.57659349482 0.0 -0.445157753905 0.0 1.30079723984 0.0 -0.642985058756 0.0 0.148061857214 0.0 -0.0198184336327 0.0 0.00170450015236 
0.0 0.0331338259397 0.0 -0.0955158667682 0.0 -0.370446866664 0.0 0.292180835432 0.0 -0.0861732746708 0.0 0.0136742558612 0.0 -0.00133981470502 0.0 
0.0405790916959 0.0 0.08972569326 0.0 0.0497498543128 0.0 -0.203613411182 0.0 0.106110321342 0.0 -0.02512760454 0.0 0.00342628175602 0.0 -0.000298653246646 
0.0 -0.00190243982214 0.0 0.0135977396797 0.0 0.0400730372928 0.0 -0.0336223184765 0.0 0.010184237295 0.0 -0.00164333891064 0.0 0.000162933791647 0.0 
-0.00407872523048 0.0 -0.00862099528496 0.0 -0.00360493951254 0.0 0.0199447237204 0.0 -0.0107795109719 0.0 0.00260250155789 0.0 -0.000359496254633 0.0 3.16344236076e-05 
0.0 4.52210399248e-05 0.0 -0.00112740396002 0.0 -0.0028513935932 0.0 0.00250098853968 0.0 -0.000772087017283 0.0 0.000126097153794 0.0 -1.26107908692e-05 0.0 
0.513541728135 -0.827278754922 0.906320794228 -0.788411571237 0.491413247349 -0.0806068684808 -0.295042490241 0.421818155274 -0.167907666988 -0.251037969809 0.26604634774 0.330943421218 0.119969480035 0.00872427936331 -0.00555008155104 
0.796258682179 -1.26392417615 1.33751173281 -1.08285274798 0.55768393613 0.0839646003801 -0.562399984532 0.569701614632 -0.0601139684179 -0.447363624859 0.205413793313 0.475075989342 0.249253494769 0.0525758645837 -0.00117997582361 
0.884768081711 -1.39809616606 1.46430718033 -1.15912440376 0.55038427062 0.190519290831 -0.753839334786 0.780737535445 -0.163863807104 -0.558501779147 0.416358595332 0.634864002655 0.247786664229 0.0212615730958 -0.0110132476217 
0.774865304737 -1.17722739423 1.10994121287 -0.649984166797 -0.0822124565782 0.816294006107 -1.13872088644 0.701994037877 0.322213944855 -0.931306250278 0.133113800207 0.99550091655 0.643947396215 0.163534253633 0.00304975392281 
0.397221350814 -0.548344006031 0.381676444423 0.0181660977811 -0.489153249692 0.779763108446 -0.654389695271 0.117095690209 0.406237843756 -0.335367731661 -0.218128254954 0.0968309869924 0.0905422857503 0.016861481962 -0.00275793241592 
0.145825946572 -0.132201932758 -0.105368819892 0.506551311084 -0.917252130188 1.09473081319 -0.80492037458 0.0407397620643 0.740827894198 -0.740186461049 -0.250356290952 0.821476401105 0.693258908051 0.208217377029 0.0105563992314 
-0.415214370625 0.765122158483 -1.04943656241 1.1942658401 -1.00822802189 0.341332305238 0.658130544529 -1.32423295724 0.770276430455 0.822722651141 -1.23693569817 -1.42516226755 -0.51407565586 -0.0379528644866 0.023803920835 
-0.355802941515 0.564866068635 -0.568663282167 0.332403477934 0.167422421491 -0.79708537482 1.16619497802 -0.771529435738 -0.407302240506 1.22715224778 -0.19503133335 -1.47246288915 -0.9902082791 -0.262532206474 -0.00740611862239 
0.10865099341 -0.224577150236 0.367148894022 -0.51228147647 0.559662325464 -0.367021724718 -0.114662240315 0.619923040512 -0.551950095884 -0.303244992413 0.787208186606 0.774739572587 0.260898742877 0.0160279670765 -0.0125560567807 
0.121513134036 -0.203150378457 0.231623045679 -0.189831425375 0.0472179237716 0.185870870325 -0.392555317039 0.350862499723 0.0556230398479 -0.461987423756 0.157493585845 0.595587028762 0.373780493819 0.0948429352703 0.00188035812768 
-0.0142888115575 0.0329309815851 -0.0613876208211 0.0967209440784 -0.119982239841 0.0968924094884 -0.00198129107454 -0.12401569291 0.140450525411 0.0473924789216 -0.198110646271 -0.179753926777 -0.0582370305082 -0.0031619044252 0.00286578827658 
-0.0202895458479 0.0347487100245 -0.0418123746763 0.0384734640746 -0.0178753340767 -0.0220351733746 0.0649000513725 -0.0694214750679 0.00174060305237 0.0839351404456 -0.0407220056142 -0.116430092186 -0.0699995681791 -0.0172674611914 -0.00024745566847 
0.00111848665872 -0.00292333143031 0.00613918149771 -0.0105779831279 0.0142390086863 -0.0129160815361 0.00246575290173 0.013934430524 -0.0189029294549 -0.00374349995235 0.0271314729308 0.0233009468713 0.00734605314118 0.000361381816357 -0.000367310470683 
0.00203936261524 -0.00354388510939 0.00440039304211 -0.00430850430277 0.00248328075603 0.00153766399943 -0.00640698957572 0.00779618067903 -0.00116427526312 -0.00894180160472 0.00552205637144 0.0133480079959 0.00777897766043 0.00187926968748 1.91881422525e-05 
-5.60427316252e-05 0.000171527187539 -0.000404183389033 0.000747752825697 -0.00106623838241 0.0010425758791 -0.00031204602942 -0.000989992991343 0.00155242935165 0.000141638411174 -0.00229279636983 -0.00189096923529 -0.000583979967392 -2.64502089482e-05 2.95600440035e-05 
16
-0.483874762302 -0.781503356033 -0.864121504576 -0.773853530438 -0.532880223331 -0.195770783084 0.131783824569 0.30926099611 0.238138513917 -0.0171066421667 -0.190897643886 -0.0605885137886 0.155837046011 -0.0637195528565 0.00299053746517 0.00429026770778 
0.838683528064 1.35325057976 1.49005856878 1.31434806441 0.854517294131 0.201665664683 -0.440110874205 -0.765735740159 -0.524688021384 0.163231501555 0.606419816037 0.125069647664 -0.658754870495 0.402790333898 -0.0879012536244 -0.00686143031323 
-0.845370046452 -1.33744182919 -1.40879513195 -1.14100834988 -0.607506159003 0.0350641991024 0.535341028295 0.632311812144 0.261205848509 -0.244834737437 -0.322474861395 0.113178134119 0.124725603267 -0.0791092056014 0.00885842064575 0.00449534270041 
0.845507764808 1.32573511094 1.36305313207 1.03338623377 0.408496551361 -0.34536145051 -0.939217885779 -1.02901535425 -0.446238432824 0.465707971419 0.800887600339 -0.0104916150813 -0.857785454363 0.594168653375 -0.143593258862 -0.0072781475272 
-0.453578680218 -0.635819269354 -0.46385465653 -0.0141192746656 0.560125352458 0.988999809084 0.958177275169 0.335007067651 -0.52418972067 -0.768588493768 0.0523854555028 0.835628639158 -0.592344130017 0.139451722189 0.0121411528271 -0.0124517057984 
0.180427350433 0.204536322062 0.0170336558638 -0.32238381735 -0.683141322233 -0.872281071755 -0.714448132823 -0.20196120959 0.373476284325 0.525390543029 0.0767630159912 -0.364502832716 -0.0236943557225 0.161437437711 -0.0649787198212 0.00338600265658 
0.222899487925 0.467860544025 0.773842045945 1.0952150984 1.26918504876 1.0783652239 0.39403962159 -0.590128677355 -1.21004820193 -0.683345936667 0.724830873682 1.11352964471 -1.25710517199 0.419359749117 -0.00339676334881 -0.0311094443686 
-0.481001743103 -0.828312863597 -1.01821655506 -1.01413998751 -0.706133473952 -0.0426822571934 0.808081622178 1.35058747621 0.960760574748 -0.393171688236 -1.37903153454 -0.292805186525 1.68974280092 -1.0867004235 0.252536960292 0.0151283208895 
0.0455158402315 0.0140244376433 -0.145034042157 -0.430153261908 -0.764282203333 -0.952314360491 -0.725216795812 0.028840119459 0.895460835659 0.898030960313 -0.362140994783 -1.26074077713 1.1492214226 -0.343412666886 -0.00602399533188 0.0269626198071 
0.186853999268 0.340847998167 0.467041800071 0.547472136218 0.506311274616 0.256612223918 -0.201941738011 -0.652597359049 -0.663219829465 0.019708473381 0.775642711252 0.340397708098 -1.03749821689 0.612537947916 -0.132955363096 -0.0104178811295 
-0.0333585926432 -0.0408746493285 -0.00750273908755 0.0707827274393 0.182295540103 0.276673449975 0.26086526542 0.0592407403015 -0.24479574905 -0.322771924624 0.0635340700439 0.450195183503 -0.376379780369 0.106868374105 0.00322519932126 -0.00862927777197 
-0.0363183967644 -0.0685682275083 -0.0997216406926 -0.126573338554 -0.131130805413 -0.0873511821488 0.0173987907008 0.143352391359 0.179073271582 0.0259880335573 -0.192431240337 -0.116285215143 0.27905163117 -0.157167499035 0.0327788372209 0.00293909009465 
0.00698837532575 0.00964404322843 0.00562034387797 -0.00607723561899 -0.0246955089773 -0.0433312701803 -0.0464081930991 -0.0173410546968 0.0363714323853 0.0590774438298 -0.00370109607491 -0.0841064584447 0.0665029058889 -0.0182389821602 -0.000711834770921 0.00150218477894 
0.00435537967233 0.00843631969676 0.0127904376365 0.017090711276 0.0189388489252 0.0143885811022 0.000563269695664 -0.018466506698 -0.0269325144936 -0.00714913485262 0.0274554284114 0.0207430471814 -0.0431006300002 0.0234833284269 -0.0047576779782 -0.0004668715905 
-0.000812878749067 -0.00117657829547 -0.000860472260369 0.00025570076643 0.00217099661535 0.00428365704511 0.00501076153073 0.00237320416866 -0.00339352262501 -0.00657532289429 -0.000279643907512 0.00965383422271 -0.00732820499577 0.00195779675341 8.98145016384e-05 -0.000163751327961 
-0.000352969432072 -0.000697992793261 -0.00109242906049 -0.00151452325512 -0.00175621143876 -0.00144533613008 -0.000253186259384 0.00155936152639 0.00257651859382 0.000924037388366 -0.00252309468422 -0.00227703664462 0.00428080460643 -0.0022740729318 0.000450401247841 4.72476491738e-05 
0.0 1.67472563593 0.0 1.68698770469 0.0 0.359509882554 0.0 -0.954639496096 0.0 0.369624364864 0.0 -0.0715965304688 0.0 0.00855595070861 0.0 -0.000690983547374 
-1.67736705613 0.0 3.22607682462 0.0 2.06459113054 0.0 -0.372927426448 0.0 -0.603007856426 0.0 0.276419156469 0.0 -0.055799220918 0.0 0.00672552730434 0.0 
0.0 -3.18201182737 0.0 4.94245517533 0.0 1.7292159378 0.0 -2.23374721828 0.0 0.735632951563 0.0 -0.129067718846 0.0 0.0143356299533 0.0 -0.00109225172465 
-1.69101552962 0.0 -4.87526029147 0.0 5.77268908623 0.0 1.16903480164 0.0 -1.92288311815 0.0 0.650008379849 0.0 -0.115472748335 0.0 0.0129245754725 0.0 
0.0 -1.870846735 0.0 -5.47724813681 0.0 6.15188304025 0.0 -1.82018011779 0.0 0.169050562632 0.0 0.0163811948419 0.0 -0.00579460542293 0.0 0.000697148803971 
-0.360854700865 0.0 -1.70677808214 0.0 -6.05322994271 0.0 7.41411025813 0.0 -3.13579418827 0.0 0.707873545329 0.0 -0.0997272125113 0.0 0.00950841541309 0.0 
0.0 0.608571868797 0.0 -0.809700783851 0.0 -7.29412273343 0.0 6.28660060826 0.0 -2.1613888883 0.0 0.412615063268 0.0 -0.0499287681103 0.0 0.00411436394243 
0.962003486207 0.0 2.11089654533 0.0 1.28003289097 0.0 -6.94356201478 0.0 4.37259430521 0.0 -1.26020251068 0.0 0.212132475434 0.0 -0.0232427200257 0.0 
0.0 0.287294109903 0.0 1.44145120587 0.0 2.97503565698 0.0 -3.49240443746 0.0 1.35571757447 0.0 -0.278199056948 0.0 0.0353670344173 0.0 -0.00302123140716 
-0.373707998537 0.0 -0.667508050001 0.0 0.130479910594 0.0 2.52569709219 0.0 -1.84381365345 0.0 0.569812343573 0.0 -0.100215191752 0.0 0.0113231115446 0.0 
0.0 -0.149365808184 0.0 -0.456264683264 0.0 -0.643179068172 0.0 0.905985786471 0.0 -0.373386797148 0.0 0.0793010444259 0.0 -0.0103186237086 0.0 0.00089650486513 
0.0726367935288 0.0 0.111713716822 0.0 -0.092683037996 0.0 -0.505418291987 0.0 0.402535770219 0.0 -0.129338130556 0.0 0.0233071408473 0.0 -0.00267891937999 0.0 
0.0 0.0291287975314 0.0 0.0748030052618 0.0 0.0861468506265 0.0 -0.137777008632 0.0 0.0589824908253 0.0 -0.0128035980069 0.0 0.00169104417 0.0 -0.00014854140279 
-0.00871075934467 0.0 -0.011753072757 0.0 0.0171495626265 0.0 0.0637394027394 0.0 -0.0538703641193 0.0 0.0177649575089 0.0 -0.00325414247477 0.0 0.000378416805846 0.0 
0.0 -0.00327863251724 0.0 -0.00766840329696 0.0 -0.00775328373979 0.0 0.0136329929064 0.0 -0.00599418277546 0.0 0.00132143783956 0.0 -0.000176401438532 0.0 1.5618331542e-05 
0.000705938864145 0.0 0.000842764000327 0.0 -0.00179409380441 0.0 -0.0054485396903 0.0 0.00480874462357 0.0 -0.00161585754286 0.0 0.000299544428669 0.0 -3.513401482e-05 0.0 
0.483874762302 -0.781503356033 0.864121504576 -0.773853530438 0.532880223331 -0.195770783084 -0.131783824569 0.30926099611 -0.238138513917 -0.0171066421667 0.190897643886 -0.0605885137886 -0.155837046011 -0.0637195528565 -0.00299053746517 0.00429026770778 
0.838683528064 -1.35325057976 1.49005856878 -1.31434806441 0.854517294131 -0.201665664683 -0.440110874205 0.765735740159 -0.524688021384 -0.163231501555 0.606419816037 -0.125069647664 -0.658754870495 -0.402790333898 -0.0879012536244 0.00686143031323 
0.845370046452 -1.33744182919 1.40879513195 -1.14100834988 0.607506159003 0.0350641991024 -0.535341028295 0.632311812144 -0.261205848509 -0.244834737437 0.322474861395 0.113178134119 -0.124725603267 -0.0791092056014 -0.00885842064575 0.00449534270041 
0.845507764808 -1.32573511094 1.36305313207 -1.03338623377 0.408496551361 0.34536145051 -0.939217885779 1.02901535425 -0.446238432824 -0.465707971419 0.800887600339 0.0104916150813 -0.857785454363 -0.594168653375 -0.143593258862 0.0072781475272 
0.453578680218 -0.635819269354 0.46385465653 -0.0141192746656 -0.560125352458 0.988999809084 -0.958177275169 0.335007067651 0.52418972067 -0.768588493768 -0.0523854555028 0.835628639158 0.592344130017 0.139451722189 -0.0121411528271 -0.0124517057984 
0.180427350433 -0.204536322062 0.0170336558638 0.32238381735 -0.683141322233 0.872281071755 -0.714448132823 0.20196120959 0.373476284325 -0.525390543029 0.0767630159912 0.364502832716 -0.0236943557225 -0.161437437711 -0.0649787198212 -0.00338600265658 
-0.222899487925 0.467860544025 -0.773842045945 1.0952150984 -1.26918504876 1.0783652239 -0.39403962159 -0.590128677355 1.21004820193 -0.683345936667 -0.724830873682 1.11352964471 1.25710517199 0.419359749117 0.00339676334881 -0.0311094443686 
-0.481001743103 0.828312863597 -1.01821655506 1.01413998751 -0.706133473952 0.0426822571934 0.808081622178 -1.35058747621 0.960760574748 0.393171688236 -1.37903153454 0.292805186525 1.68974280092 1.0867004235 0.252536960292 -0.0151283208895 
-0.0455158402315 0.0140244376433 0.145034042157 -0.430153261908 0.764282203333 -0.952314360491 0.725216795812 0.028840119459 -0.895460835659 0.898030960313 0.362140994783 -1.26074077713 -1.1492214226 -0.343412666886 0.00602399533188 0.0269626198071 
0.186853999268 -0.340847998167 0.467041800071 -0.547472136218 0.506311274616 -0.256612223918 -0.201941738011 0.652597359049 -0.663219829465 -0.019708473381 0.775642711252 -0.340397708098 -1.03749821689 -0.612537947916 -0.132955363096 0.0104178811295 
0.0333585926432 -0.0408746493285 0.00750273908755 0.0707827274393 -0.182295540103 0.276673449975 -0.26086526542 0.0592407403015 0.24479574905 -0.322771924624 -0.0635340700439 0.450195183503 0.376379780369 0.106868374105 -0.00322519932126 -0.00862927777197 
-0.0363183967644 0.0685682275083 -0.0997216406926 0.126573338554 -0.131130805413 0.0873511821488 0.0173987907008 -0.143352391359 0.179073271582 -0.0259880335573 -0.192431240337 0.116285215143 0.27905163117 0.157167499035 0.0327788372209 -0.00293909009465 
-0.00698837532575 0.00964404322843 -0.00562034387797 -0.00607723561899 0.0246955089773 -0.0433312701803 0.0464081930991 -0.0173410546968 -0.0363714323853 0.0590774438298 0.00370109607491 -0.0841064584447 -0.0665029058889 -0.0182389821602 0.000711834770921 0.00150218477894 
0.00435537967233 -0.00843631969676 0.0127904376365 -0.017090711276 0.0189388489252 -0.0143885811022 0.000563269695664 0.018466506698 -0.0269325144936 0.00714913485262 0.0274554284114 -0.0207430471814 -0.0431006300002 -0.0234833284269 -0.0047576779782 0.0004668715905 
0.000812878749067 -0.00117657829547 0.000860472260369 0.00025570076643 -0.00217099661535 0.00428365704511 -0.00501076153073 0.00237320416866 0.00339352262501 -0.00657532289429 0.000279643907512 0.00965383422271 0.00732820499577 0.00195779675341 -8.98145016384e-05 -0.000163751327961 
-0.000352969432072 0.000697992793261 -0.00109242906049 0.00151452325512 -0.00175621143876 0.00144533613008 -0.000253186259384 -0.00155936152639 0.00257651859382 -0.000924037388366 -0.00252309468422 0.00227703664462 0.00428080460643 0.0022740729318 0.000450401247841 -4.72476491738e-05 
