6
2.28072486537 2.26118969287 -0.268773488354 -2.67097845416 -1.42826929831 2.5332502429 
-3.65732149026 -4.07336329296 -0.879135634793 2.93778115556 3.71927899884 1.11711106027 
-0.3393131806 -2.85045984435 -7.11197895882 -8.18733828322 -0.672679818654 9.26255175257 
3.42070555079 6.39173043825 7.5042392562 3.61648360607 -5.65942134213 -10.4911788269 
-0.281944990478 0.0760887349505 1.52909252954 3.05283117296 1.27814754398 -3.88694261006 
-0.542021527331 -1.10796974301 -1.58827886236 -1.21029574985 0.886302901184 2.74472938533 
-4.56144973408 0.0 1.20229111092 0.0 0.563580455492 0.0 
0.0 -17.1919399775 0.0 12.5417395278 0.0 -2.12663866775 
0.678626353422 0.0 -20.830451884 0.0 6.65783858246 0.0 
0.0 10.9158823686 0.0 -17.2472359961 0.0 3.88915399841 
0.563889987065 0.0 5.68595753425 0.0 -2.10641607983 0.0 
0.0 -1.53929580976 0.0 3.28377587903 0.0 -0.797374888333 
2.28072486537 -2.26118969287 -0.268773488354 2.67097845416 -1.42826929831 -2.5332502429 
3.65732149026 -4.07336329296 0.879135634793 2.93778115556 -3.71927899884 1.11711106027 
-0.3393131806 2.85045984435 -7.11197895882 8.18733828322 -0.672679818654 -9.26255175257 
-3.42070555079 6.39173043825 -7.5042392562 3.61648360607 5.65942134213 -10.4911788269 
-0.281944990478 -0.0760887349505 1.52909252954 -3.05283117296 1.27814754398 3.88694261006 
0.542021527331 -1.10796974301 1.58827886236 -1.21029574985 -0.886302901184 2.74472938533 
7
2.26165104499 2.24133810456 -0.251943857943 -2.57376714887 -1.29779242755 2.33232094067 -0.981962274189 
-3.58603003217 -3.90093046571 -0.555633827914 3.36069611875 3.8240455573 0.0418596442928 -2.21474071551 
-0.426495555352 -2.94100613657 -7.03439080557 -7.74216326931 -0.0766526398602 8.34368651604 -4.48010223257 
3.17270774718 5.79189753295 6.3788907261 2.14531181642 -6.02386719701 -6.75075891356 7.70430073575 
-0.248468239257 0.110880771491 1.49938172615 2.88199455261 1.0492380585 -3.53416866182 1.72131046915 
-0.483732977634 -0.966987082674 -1.32378081936 -0.864516598887 0.971960999824 1.86559397028 -1.81079231259 
0.0297587189178 0.0142587646843 -0.0861583934666 -0.234980500924 -0.147992819652 0.335113689346 -0.155665685903 
-4.52330209364 0.0 1.37289651541 0.0 0.487544591989 0.0 -0.0834954441543 
0.0 -17.0428839216 0.0 11.8468868402 0.0 -1.9322035329 0.0 
0.85299110146 0.0 -20.0490174431 0.0 6.3097887843 0.0 -0.611896066993 
0.0 10.3973689945 0.0 -14.8300889076 0.0 3.21278283587 0.0 
0.496936485186 0.0 5.38609983427 0.0 -1.97283254077 0.0 0.206534168619 
0.0 -1.41742621199 0.0 2.71565795161 0.0 -0.638402939599 0.0 
-0.0595174388639 0.0 -0.40529810724 0.0 0.160201619416 0.0 -0.0174428311897 
2.26165104499 -2.24133810456 -0.251943857943 2.57376714887 -1.29779242755 -2.33232094067 -0.981962274189 
3.58603003217 -3.90093046571 0.555633827914 3.36069611875 -3.8240455573 0.0418596442928 2.21474071551 
-0.426495555352 2.94100613657 -7.03439080557 7.74216326931 -0.0766526398602 -8.34368651604 -4.48010223257 
-3.17270774718 5.79189753295 -6.3788907261 2.14531181642 6.02386719701 -6.75075891356 -7.70430073575 
-0.248468239257 -0.110880771491 1.49938172615 -2.88199455261 1.0492380585 3.53416866182 1.72131046915 
0.483732977634 -0.966987082674 1.32378081936 -0.864516598887 -0.971960999824 1.86559397028 1.81079231259 
0.0297587189178 -0.0142587646843 -0.0861583934666 0.234980500924 -0.147992819652 -0.335113689346 -0.155665685903 
8
3.04659787747 3.46015718739 0.699380813243 -3.08867873966 -4.17591652246 -0.0870743428623 3.93717676716 -2.34868951191 
-3.57063950269 -3.87361822802 -0.525070081361 3.36703301403 3.75397495819 -0.0814209335709 -1.98231509374 0.847186677666 
1.54382712277 0.119414808543 -4.64239453842 -9.02679356297 -7.29767465663 2.25034984868 7.88440722831 -5.43474789854 
3.20885926919 5.88776271059 6.57032614797 2.4026516173 -5.91247903603 -7.03161373194 7.5752809279 -2.52025747609 
-1.69939094663 -2.14206418916 -0.259228921735 3.8334870097 6.36914007807 0.938649703656 -7.37198698519 4.33580360835 
-0.50219417072 -1.0111609098 -1.40350746493 -0.959401257418 0.956701399331 2.01062906461 -1.84710873538 0.58855413384 
0.259402245534 0.370795856995 0.19200250934 -0.385931379036 -0.990152497198 -0.371897468419 1.28280463833 -0.709802769953 
0.0288173050356 0.060716942446 0.0921249609724 0.07986938035 -0.0464894250234 -0.164289402393 0.138833917886 -0.0431534600726 
-6.09319575493 0.0 -2.71022066195 0.0 3.76707544972 0.0 -0.687986482538 0.0 
0.0 -16.9908797042 0.0 11.8459245593 0.0 -1.95291220692 0.0 0.134314951006 
-3.08765424554 0.0 -30.2904733115 0.0 14.5413657907 0.0 -2.12959694915 0.0 
0.0 10.456103484 0.0 -15.3923590084 0.0 3.41504475893 0.0 -0.282909852594 
3.39878189326 0.0 12.9331861456 0.0 -8.03481025139 0.0 1.32390881786 0.0 
0.0 -1.45698135888 0.0 2.91826371696 0.0 -0.703808205236 0.0 0.0611371112757 
-0.518804491068 0.0 -1.60015293224 0.0 1.1196775152 0.0 -0.194278767534 0.0 
0.0 0.0782182493084 0.0 -0.189758228885 0.0 0.0479490936989 0.0 -0.00428055124494 
3.04659787747 -3.46015718739 0.699380813243 3.08867873966 -4.17591652246 0.0870743428623 3.93717676716 2.34868951191 
3.57063950269 -3.87361822802 0.525070081361 3.36703301403 -3.75397495819 -0.0814209335709 1.98231509374 0.847186677666 
1.54382712277 -0.119414808543 -4.64239453842 9.02679356297 -7.29767465663 -2.25034984868 7.88440722831 5.43474789854 
-3.20885926919 5.88776271059 -6.57032614797 2.4026516173 5.91247903603 -7.03161373194 -7.5752809279 -2.52025747609 
-1.69939094663 2.14206418916 -0.259228921735 -3.8334870097 6.36914007807 -0.938649703656 -7.37198698519 -4.33580360835 
0.50219417072 -1.0111609098 1.40350746493 -0.959401257418 -0.956701399331 2.01062906461 1.84710873538 0.58855413384 
0.259402245534 -0.370795856995 0.19200250934 0.385931379036 -0.990152497198 0.371897468419 1.28280463833 0.709802769953 
-0.0288173050356 0.060716942446 -0.0921249609724 0.07986938035 0.0464894250234 -0.164289402393 -0.138833917886 -0.0431534600726 
9
3.10122252103 3.55249451289 0.79656100298 -3.05413487274 -4.29059209299 -0.28983168817 4.04534673583 -2.26299042314 0.507725268988 
-3.56234537433 -3.75836945638 -0.12595718564 4.15127826314 4.56643272766 -0.341072991141 -3.58177253081 2.25925506404 -0.633811702255 
1.64788934699 0.298836182122 -4.44271320634 -8.92736546549 -7.47276127269 1.85516795531 7.95965118583 -5.13062938561 1.22164447775 
3.28529114747 6.97187019276 10.3322937803 9.80138500626 1.76159887747 -9.46901816874 -7.54187493401 10.820631783 -4.41089986228 
-1.8316586578 -2.36208989519 -0.479807214386 3.78389405888 6.69076656065 1.42061035766 -7.76651505977 4.27103194454 -0.956751095072 
-0.532893133734 -1.44594758329 -2.9120436351 -3.92607852481 -2.1201152125 2.98831308756 4.21361148444 -4.76016855069 1.82841669805 
0.290024841155 0.420908307474 0.239643908057 -0.382369712489 -1.07483807243 -0.48138991261 1.40499105105 -0.728009287874 0.159055638713 
0.0326162149951 0.114509628278 0.278760333706 0.446901802654 0.334164102654 -0.285254094559 -0.610967895283 0.618563710413 -0.230280518825 
-0.0171008499981 -0.0259783746158 -0.0185125713827 0.0151181286252 0.0628613644393 0.0411057838618 -0.0927587186905 0.0463550576071 -0.00997047281477 
-6.2024450377 0.0 -2.93982906523 0.0 4.04335952158 0.0 -0.755588317684 0.0 0.0562274372266 
0.0 -17.163913816 0.0 10.1250003409 0.0 -1.19367527312 0.0 0.0247709191398 0.0 
-3.2957786872 0.0 -30.7025325171 0.0 15.0931842179 0.0 -2.27166319082 0.0 0.153015245372 
0.0 8.81742435717 0.0 -31.6277401796 0.0 10.5799400424 0.0 -1.31679190172 0.0 
3.66331730347 0.0 13.5148307254 0.0 -8.67796926467 0.0 1.4741380492 0.0 -0.106943693569 
0.0 -0.800096765601 0.0 9.42819134471 0.0 -3.5766684502 0.0 0.475683154789 0.0 
-0.580049679137 0.0 -1.7407865229 0.0 1.26257307674 0.0 -0.225928858959 0.0 0.0169244522357 
0.0 -0.00304749015432 0.0 -0.995157254665 0.0 0.403374817545 0.0 -0.0555676207347 0.0 
0.0342016996844 0.0 0.0934337569963 0.0 -0.0728913532716 0.0 0.0134573981301 0.0 -0.00102827056321 
3.10122252103 -3.55249451289 0.79656100298 3.05413487274 -4.29059209299 0.28983168817 4.04534673583 2.26299042314 0.507725268988 
3.56234537433 -3.75836945638 0.12595718564 4.15127826314 -4.56643272766 -0.341072991141 3.58177253081 2.25925506404 0.633811702255 
1.64788934699 -0.298836182122 -4.44271320634 8.92736546549 -7.47276127269 -1.85516795531 7.95965118583 5.13062938561 1.22164447775 
-3.28529114747 6.97187019276 -10.3322937803 9.80138500626 -1.76159887747 -9.46901816874 7.54187493401 10.820631783 4.41089986228 
-1.8316586578 2.36208989519 -0.479807214386 -3.78389405888 6.69076656065 -1.42061035766 -7.76651505977 -4.27103194454 -0.956751095072 
0.532893133734 -1.44594758329 2.9120436351 -3.92607852481 2.1201152125 2.98831308756 -4.21361148444 -4.76016855069 -1.82841669805 
0.290024841155 -0.420908307474 0.239643908057 0.382369712489 -1.07483807243 0.48138991261 1.40499105105 0.728009287874 0.159055638713 
-0.0326162149951 0.114509628278 -0.278760333706 0.446901802654 -0.334164102654 -0.285254094559 0.610967895283 0.618563710413 0.230280518825 
-0.0171008499981 0.0259783746158 -0.0185125713827 -0.0151181286252 0.0628613644393 -0.0411057838618 -0.0927587186905 -0.0463550576071 -0.00997047281477 
10
3.95193879161 5.12503006646 2.86435425661 -1.23876416507 -4.41354222166 -3.64782324468 1.06959423159 3.50372889216 -2.45320526418 0.633245489051 
-4.39512547222 -4.87828054804 -0.576207472884 5.59778574992 8.59636184946 4.0452696534 -5.09728227296 -5.54594682227 6.68302461108 -2.70385271014 
2.91176403761 2.63446988592 -1.37320060101 -6.23619188677 -7.66363335452 -3.1357058843 3.55714448755 3.42925907496 -3.18177502047 0.903883241035 
1.50872610777 4.58391122458 9.37623323449 12.8968741969 10.3711800602 -0.108275921745 -10.7951598568 -5.84087280625 11.2305100723 -5.1715047459 
-4.342904751 -7.00542238139 -6.58924321517 -1.58764753141 7.03627599211 11.3310900788 1.06303973065 -12.7839891821 7.78812031754 -1.90809529669 
0.774855029977 0.312857277427 -2.20440960409 -6.19655876654 -8.44796641813 -3.90170899536 6.59098474967 7.50707566446 -9.67360433845 4.06789816463 
0.989164097846 1.71397348868 1.94195426114 1.11639055369 -1.16652768895 -3.24014385084 -1.06537059854 4.02967854563 -2.27773868367 0.539447825236 
-0.228825429422 -0.237291618068 0.136581392438 0.899337821522 1.59752857024 1.09231436127 -1.08306522738 -1.8354564385 2.06855604367 -0.837250222304 
-0.0918221568463 -0.164219715961 -0.200628436058 -0.145480819955 0.0720983684691 0.335939289903 0.172876546337 -0.463552087145 0.250941064544 -0.0582403068148 
0.0219833531106 0.0265298027225 0.000525658246833 -0.0606310981434 -0.129176074523 -0.109410439588 0.0759246123269 0.181646362509 -0.188893932918 0.0745889600344 
-7.90387758467 0.0 -5.54091409374 0.0 9.46892190974 0.0 -2.41210703054 0.0 0.25954194303 0.0 
0.0 -20.6937613989 0.0 2.27218656537 0.0 4.96607450194 0.0 -1.33894134987 0.0 0.140940663794 
-5.82352807526 0.0 -34.5713947009 0.0 23.1457327825 0.0 -4.72815600109 0.0 0.454259797993 0.0 
0.0 1.28493864339 0.0 -48.3985574863 0.0 23.7250047715 0.0 -4.22524042309 0.0 0.372697757183 
8.68580951197 0.0 21.1833147048 0.0 -24.7082938831 0.0 6.37206955613 0.0 -0.708483347293 0.0 
0.0 4.74263856824 0.0 21.7566664351 0.0 -13.2470643974 0.0 2.61639548935 0.0 -0.24633257259 
-1.97832820002 0.0 -3.87320434177 0.0 5.72902938639 0.0 -1.59148142118 0.0 0.184723003497 0.0 
0.0 -1.11076584357 0.0 -3.45670218729 0.0 2.33540493692 0.0 -0.483408593347 0.0 0.0468760792111 
0.183644314366 0.0 0.321023136681 0.0 -0.550658225568 0.0 0.159623192597 0.0 -0.0189978137919 0.0 
0.0 0.0992455326402 0.0 0.261354351465 0.0 -0.188401888965 0.0 0.0401518801183 0.0 -0.00396721966893 
3.95193879161 -5.12503006646 2.86435425661 1.23876416507 -4.41354222166 3.64782324468 1.06959423159 -3.50372889216 -2.45320526418 -0.633245489051 
4.39512547222 -4.87828054804 0.576207472884 5.59778574992 -8.59636184946 4.0452696534 5.09728227296 -5.54594682227 -6.68302461108 -2.70385271014 
2.91176403761 -2.63446988592 -1.37320060101 6.23619188677 -7.66363335452 3.1357058843 3.55714448755 -3.42925907496 -3.18177502047 -0.903883241035 
-1.50872610777 4.58391122458 -9.37623323449 12.8968741969 -10.3711800602 -0.108275921745 10.7951598568 -5.84087280625 -11.2305100723 -5.1715047459 
-4.342904751 7.00542238139 -6.58924321517 1.58764753141 7.03627599211 -11.3310900788 1.06303973065 12.7839891821 7.78812031754 1.90809529669 
-0.774855029977 0.312857277427 2.20440960409 -6.19655876654 8.44796641813 -3.90170899536 -6.59098474967 7.50707566446 9.67360433845 4.06789816463 
0.989164097846 -1.71397348868 1.94195426114 -1.11639055369 -1.16652768895 3.24014385084 -1.06537059854 -4.02967854563 -2.27773868367 -0.539447825236 
0.228825429422 -0.237291618068 -0.136581392438 0.899337821522 -1.59752857024 1.09231436127 1.08306522738 -1.8354564385 -2.06855604367 -0.837250222304 
-0.0918221568463 0.164219715961 -0.200628436058 0.145480819955 0.0720983684691 -0.335939289903 0.172876546337 0.463552087145 0.250941064544 0.0582403068148 
-0.0219833531106 0.0265298027225 -0.000525658246833 -0.0606310981434 0.129176074523 -0.109410439588 -0.0759246123269 0.181646362509 0.188893932918 0.0745889600344 
11
4.14533357248 5.56689287801 3.6693219923 -0.0587288030346 -3.26993450962 -3.56873478784 -0.679975600415 1.9933437018 0.693912627225 -1.16393117595 0.434598775747 
-4.50646122446 -5.04980062296 -0.722264946794 5.60130037302 8.87600840048 4.52981422419 -4.92454973643 -6.18560959034 6.80095094346 -2.50350805595 0.377648559862 
2.8906330316 2.5863216432 -1.46064064918 -6.36397106974 -7.78684334321 -3.1430220382 3.74715659603 3.59016865451 -3.52131304005 1.09888016553 -0.13600061229 
1.33833117583 4.31443248536 9.12492998687 12.8393796407 10.7083774402 0.585170031179 -10.41333408 -6.60693147287 11.0260477342 -4.61500661643 0.763335161589 
-5.76128183403 -10.2456822009 -12.4913645076 -10.2385555218 -1.34562599499 10.7551901933 13.8909791944 -1.71981351676 -15.2790898292 11.2678123057 -3.42378514532 
0.959983925907 0.596289025115 -1.96859925009 -6.21837538901 -8.93603103844 -4.71964994631 6.33359179974 8.62486919944 -9.96754910566 3.79826443371 -0.59130467111 
1.62387067295 3.16388662516 4.5828312767 4.98699997335 2.58340907287 -2.98309834643 -6.80514352001 -0.919193678609 8.04206402025 -5.35562815555 1.55844515977 
-0.27722047917 -0.310107143067 0.080022713415 0.916555352755 1.74174333287 1.31495361471 -1.03728726717 -2.16668045665 2.21591963151 -0.8125370706 0.123197306417 
-0.193919420255 -0.397439728866 -0.62539661122 -0.768014231391 -0.530980020197 0.294689714213 1.09607647986 0.332166789877 -1.40867038975 0.889848228626 -0.252926140621 
0.0275960738634 0.0348520111135 0.00659649716056 -0.0637344930912 -0.147499844282 -0.136079414958 0.0726821039358 0.223812642931 -0.212764590111 0.0761229992697 -0.01134461348 
0.0121378997702 0.0257716837617 0.042722796199 0.0562008855232 0.0448303691889 -0.0130096504375 -0.0826955026371 -0.0370466936816 0.115800636695 -0.0706035353991 0.0197475453371 
-8.29066714496 0.0 -5.49486651957 0.0 12.4927323243 0.0 -3.86667039708 0.0 0.51931946217 0.0 -0.0377744704308 
0.0 -21.1220780171 0.0 1.56793507063 0.0 5.73581121478 0.0 -1.55200713647 0.0 0.168076020823 0.0 
-5.78126606319 0.0 -34.5754195863 0.0 22.8184691223 0.0 -4.5712020503 0.0 0.426295065898 0.0 -0.0211220707798 
0.0 0.643365349007 0.0 -49.368561106 0.0 24.8980168264 0.0 -4.56713910025 0.0 0.418120080964 0.0 
11.5225636681 0.0 20.8487166654 0.0 -46.8755604093 0.0 17.0338964209 0.0 -2.61243150092 0.0 0.211396271473 
0.0 5.45838577579 0.0 22.9550822876 0.0 -14.5282478212 0.0 2.9666573617 0.0 -0.290462773618 0.0 
-3.2477413459 0.0 -3.72396423296 0.0 15.6471156343 0.0 -6.36158596107 0.0 1.03652202701 0.0 -0.0872698772101 
0.0 -1.30042556048 0.0 -3.78972832196 0.0 2.67124102592 0.0 -0.572073906762 0.0 0.0576989233169 0.0 
0.387838840509 0.0 0.297087483352 0.0 -2.14584171218 0.0 0.926797626321 0.0 -0.155988829555 0.0 0.0134198754893 
0.0 0.121487189401 0.0 0.301875154239 0.0 -0.227439135526 0.0 0.0501564122951 0.0 -0.00515383858476 0.0 
-0.0242757995404 0.0 -0.0118864116746 0.0 0.14984279186 0.0 -0.0672965057993 0.0 0.0115699418299 0.0 -0.00100981436653 
4.14533357248 -5.56689287801 3.6693219923 0.0587288030346 -3.26993450962 3.56873478784 -0.679975600415 -1.9933437018 0.693912627225 1.16393117595 0.434598775747 
4.50646122446 -5.04980062296 0.722264946794 5.60130037302 -8.87600840048 4.52981422419 4.92454973643 -6.18560959034 -6.80095094346 -2.50350805595 -0.377648559862 
2.8906330316 -2.5863216432 -1.46064064918 6.36397106974 -7.78684334321 3.1430220382 3.74715659603 -3.59016865451 -3.52131304005 -1.09888016553 -0.13600061229 
-1.33833117583 4.31443248536 -9.12492998687 12.8393796407 -10.7083774402 0.585170031179 10.41333408 -6.60693147287 -11.0260477342 -4.61500661643 -0.763335161589 
-5.76128183403 10.2456822009 -12.4913645076 10.2385555218 -1.34562599499 -10.7551901933 13.8909791944 1.71981351676 -15.2790898292 -11.2678123057 -3.42378514532 
-0.959983925907 0.596289025115 1.96859925009 -6.21837538901 8.93603103844 -4.71964994631 -6.33359179974 8.62486919944 9.96754910566 3.79826443371 0.59130467111 
1.62387067295 -3.16388662516 4.5828312767 -4.98699997335 2.58340907287 2.98309834643 -6.80514352001 0.919193678609 8.04206402025 5.35562815555 1.55844515977 
0.27722047917 -0.310107143067 -0.080022713415 0.916555352755 -1.74174333287 1.31495361471 1.03728726717 -2.16668045665 -2.21591963151 -0.8125370706 -0.123197306417 
-0.193919420255 0.397439728866 -0.62539661122 0.768014231391 -0.530980020197 -0.294689714213 1.09607647986 -0.332166789877 -1.40867038975 -0.889848228626 -0.252926140621 
-0.0275960738634 0.0348520111135 -0.00659649716056 -0.0637344930912 0.147499844282 -0.136079414958 -0.0726821039358 0.223812642931 0.212764590111 0.0761229992697 0.01134461348 
0.0121378997702 -0.0257716837617 0.042722796199 -0.0562008855232 0.0448303691889 0.0130096504375 -0.0826955026371 0.0370466936816 0.115800636695 0.0706035353991 0.0197475453371 
12
4.22406065195 5.63313435592 3.56499732657 -0.508340896491 -4.12971492381 -4.52071990011 -0.862253731957 3.21712355099 1.74722347911 -3.29059839437 1.61991357877 -0.359977448094 
-6.33186661534 -8.17634321569 -4.36967370735 2.80841899599 9.26763989398 9.95738874308 2.58761980922 -6.96451505399 -5.64316392656 7.85140421476 -3.03029823574 0.384136436744 
3.31498165455 2.92768409718 -2.08307373989 -8.91872017306 -12.6133636388 -8.42685145254 2.83172849408 10.4888798435 2.18317481138 -10.7414400531 6.55839575483 -1.71627526708 
-0.503613005384 1.16226256037 5.45527784656 10.0462238726 11.1426305537 6.09321282899 -2.85743635944 -7.4868863767 -1.46798496746 5.86443313131 -2.72259680767 0.405481526812 
-4.84851531097 -9.52992907567 -13.901174273 -15.8889142454 -11.954904707 -0.791606562183 12.0001909886 13.4792540599 -2.96920953069 -14.6643952293 11.3522098126 -3.39149079829 
4.42855870293 6.54004970932 4.97331901265 -0.885576146319 -9.64085870849 -15.005414225 -7.97576345221 10.0036616389 13.798899333 -15.9170163611 5.87817025713 -0.717761627821 
0.897844169928 2.58459580535 5.66606512916 9.39830415649 10.9012702677 6.10692032105 -5.25700007595 -12.8222338144 -1.74605341326 15.0645146451 -10.0290328469 2.79250845364 
-1.43657076806 -2.29794130148 -2.24494353641 -0.876665647333 1.96088727598 4.74114782287 3.75947915119 -2.58562396999 -5.77462714001 5.78911471222 -2.03397503247 0.235408710361 
-0.0143845047643 -0.252438423784 -0.886572097778 -1.84433452735 -2.56683963315 -1.93697265481 0.705208261435 3.24384088367 1.01363849005 -4.12927144928 2.58843151898 -0.699080866628 
0.194691969081 0.321525615332 0.342368297964 0.196277217481 -0.176726862221 -0.628283524199 -0.620875502149 0.278051140033 0.946732723887 -0.878449886595 0.299624635179 -0.0335354010544 
-0.00937411687296 0.00817668292905 0.0731744787433 0.18334104352 0.286138213275 0.252390214772 -0.0348250840203 -0.382006412851 -0.174883907202 0.52744515478 -0.318100209501 0.0842050462559 
-0.0141798374922 -0.0238303128993 -0.0265352908741 -0.0177201221049 0.00849165723075 0.0444627797421 0.0510122257321 -0.0150299150152 -0.0795835278439 0.0701185322165 -0.0234278903335 0.00255980293058 
-8.44812130391 0.0 -6.37247782573 0.0 10.5224187378 0.0 -2.22776781609 0.0 0.0854006195025 0.0 0.0192144136062 0.0 
0.0 -27.5157722373 0.0 -5.10838562831 0.0 18.7128279327 0.0 -6.16812709653 0.0 0.893816611133 0.0 -0.0719230449415 
-6.62996330909 0.0 -39.4286573619 0.0 11.7710067167 0.0 4.54417300745 0.0 -1.97468830986 0.0 0.292638676232 0.0 
0.0 -5.81365836301 0.0 -56.1472635023 0.0 37.9739468838 0.0 -9.20457852898 0.0 1.14523235203 0.0 -0.0838306498757 
9.69703062195 0.0 10.2646400862 0.0 -71.1415987096 0.0 36.9710131034 0.0 -7.8491848063 0.0 0.893842459212 0.0 
0.0 17.601855072 0.0 35.5979277209 0.0 -39.1967765745 0.0 11.7526063479 0.0 -1.67312052858 0.0 0.134687687165 
-1.79568833986 0.0 4.6165685596 0.0 34.6752893402 0.0 -22.0372405265 0.0 5.16063281196 0.0 -0.625526429983 0.0 
0.0 -5.35697152383 0.0 -7.99750786938 0.0 10.9212990116 0.0 -3.51519321265 0.0 0.521463110676 0.0 -0.0431570607514 
0.0287690095285 0.0 -1.75163826341 0.0 -6.80287051131 0.0 4.77041594749 0.0 -1.16824954807 0.0 0.145651433706 0.0 
0.0 0.705814277118 0.0 0.905732800353 0.0 -1.41702154922 0.0 0.475153792211 0.0 -0.0721964414805 0.0 0.00607359791765 
0.0187482337459 0.0 0.231857617223 0.0 0.701731795989 0.0 -0.523662497702 0.0 0.131879364463 0.0 -0.0167384169712 0.0 
0.0 -0.0505801679458 0.0 -0.059132981166 0.0 0.10168961298 0.0 -0.0350343764374 0.0 0.00540947189518 0.0 -0.000460174558974 
4.22406065195 -5.63313435592 3.56499732657 0.508340896491 -4.12971492381 4.52071990011 -0.862253731957 -3.21712355099 1.74722347911 3.29059839437 1.61991357877 0.359977448094 
6.33186661534 -8.17634321569 4.36967370735 2.80841899599 -9.26763989398 9.95738874308 -2.58761980922 -6.96451505399 5.64316392656 7.85140421476 3.03029823574 0.384136436744 
3.31498165455 -2.92768409718 -2.08307373989 8.91872017306 -12.6133636388 8.42685145254 2.83172849408 -10.4888798435 2.18317481138 10.7414400531 6.55839575483 1.71627526708 
0.503613005384 1.16226256037 -5.45527784656 10.0462238726 -11.1426305537 6.09321282899 2.85743635944 -7.4868863767 1.46798496746 5.86443313131 2.72259680767 0.405481526812 
-4.84851531097 9.52992907567 -13.901174273 15.8889142454 -11.954904707 0.791606562183 12.0001909886 -13.4792540599 -2.96920953069 14.6643952293 11.3522098126 3.39149079829 
-4.42855870293 6.54004970932 -4.97331901265 -0.885576146319 9.64085870849 -15.005414225 7.97576345221 10.0036616389 -13.798899333 -15.9170163611 -5.87817025713 -0.717761627821 
0.897844169928 -2.58459580535 5.66606512916 -9.39830415649 10.9012702677 -6.10692032105 -5.25700007595 12.8222338144 -1.74605341326 -15.0645146451 -10.0290328469 -2.79250845364 
1.43657076806 -2.29794130148 2.24494353641 -0.876665647333 -1.96088727598 4.74114782287 -3.75947915119 -2.58562396999 5.77462714001 5.78911471222 2.03397503247 0.235408710361 
-0.0143845047643 0.252438423784 -0.886572097778 1.84433452735 -2.56683963315 1.93697265481 0.705208261435 -3.24384088367 1.01363849005 4.12927144928 2.58843151898 0.699080866628 
-0.194691969081 0.321525615332 -0.342368297964 0.196277217481 0.176726862221 -0.628283524199 0.620875502149 0.278051140033 -0.946732723887 -0.878449886595 -0.299624635179 -0.0335354010544 
-0.00937411687296 -0.00817668292905 0.0731744787433 -0.18334104352 0.286138213275 -0.252390214772 -0.0348250840203 0.382006412851 -0.174883907202 -0.52744515478 -0.318100209501 -0.0842050462559 
0.0141798374922 -0.0238303128993 0.0265352908741 -0.0177201221049 -0.00849165723075 0.0444627797421 -0.0510122257321 -0.0150299150152 0.0795835278439 0.0701185322165 0.0234278903335 0.00255980293058 
13
4.26068493805 5.68186445512 3.58550778962 -0.565059500311 -4.30183667472 -4.77297421105 -1.01269032727 3.40413490088 2.12554629604 -3.66562351017 1.67956541167 -0.305384893673 -0.0101271247033 
-7.12025244606 -9.70284469119 -6.64894701423 -0.0539870120746 6.68002924063 9.4118000254 5.70909798169 -1.9363932166 -5.83824884362 -0.816536981303 4.61847485341 -2.48554402584 0.513769416141 
3.44195982674 3.10472160547 -1.98045400143 -9.04438515618 -13.0999755026 -9.20046999291 2.29164186451 10.9371312877 3.34748463279 -11.5610282814 6.37975621101 -1.36955282058 -0.00163835132472 
-0.536412922565 1.09848346688 5.35938230703 9.92464615074 11.0308017059 6.06580153546 -2.72906314764 -7.27169614703 -1.46527706761 5.48866929236 -2.40022413006 0.288498296122 0.0583744466967 
-4.6556123768 -9.24731284805 -13.6920435878 -15.9599036909 -12.5080777168 -1.79631054964 11.1484180959 13.8221311569 -1.44934274631 -15.0975092922 10.4296411888 -2.5987678363 0.0616767749953 
7.0728620039 11.6595099468 12.6160442492 8.71018303847 -0.97014894602 -13.1848409852 -18.4481798609 -6.8485370905 14.4752855027 13.1221400156 -19.7635412901 8.90928481773 -1.65364629029 
0.692998403984 2.29869531414 5.49935757964 9.59842408428 11.6822459322 7.35124611394 -4.38502726858 -13.5380321639 -3.61897753131 16.3691238335 -9.72675331895 2.22741343586 -0.0231629853616 
-2.78977522607 -4.91763904895 -6.15545574632 -5.78582404352 -2.47392490007 3.81213784575 9.11939567675 6.03470222733 -6.12714482956 -9.06103330735 11.0832577359 -4.69102482091 0.830574732353 
0.0466959325427 -0.169573887128 -0.846153674081 -1.9249339291 -2.83218403228 -2.33777084408 0.450663445175 3.51628555742 1.61555267798 -4.66000432457 2.61196083203 -0.577011768103 0.00257259737824 
0.468283967958 0.851151905771 1.13289409938 1.18856889208 0.71949264691 -0.440919313473 -1.70466162911 -1.46413797742 1.01915271054 2.1219164061 -2.35131800635 0.962293643185 -0.165982253524 
-0.0181710073688 -0.00345930680048 0.0685154016396 0.19756687241 0.328415626074 0.313837312452 0.00115214966843 -0.428625814663 -0.267007279326 0.621610435799 -0.335706899264 0.0724324380066 -3.46824730673e-05 
-0.0432736111272 -0.0801476947195 -0.110587549565 -0.123211586036 -0.0867636823837 0.0245927725334 0.166274319263 0.170152695102 -0.0874217351336 -0.24868267589 0.258320984875 -0.103299126776 0.017493849576 
0.00174430430088 0.00120221374748 -0.00329854821573 -0.0120032470486 -0.0217579509078 -0.0228081028596 -0.00292797405437 0.0292448189503 0.0226456487778 -0.046210733136 0.0243061945943 -0.00515550242898 -1.26060273415e-05 
-8.52136987343 0.0 -6.6413076694 0.0 10.0820444056 0.0 -1.76130766834 0.0 -0.0585570837883 0.0 0.0411404029712 0.0 -0.00464786940225 
0.0 -29.9248666148 0.0 -5.19326981465 0.0 27.2745376477 0.0 -10.7954830433 0.0 1.90009819631 0.0 -0.189373626135 0.0 
-6.88391964648 0.0 -40.2984245315 0.0 10.4496633743 0.0 6.04957754738 0.0 -2.4588059318 0.0 0.369072561328 0.0 -0.0300822215201 
0.0 -5.91334467608 0.0 -56.1463000069 0.0 38.3368131268 0.0 -9.40309152894 0.0 1.18880436181 0.0 -0.0889637716694 0.0 
9.31122476037 0.0 9.04852248701 0.0 -72.8018520879 0.0 39.0690536715 0.0 -8.55931995717 0.0 1.01066088997 0.0 -0.0722117002411 
0.0 25.6832054906 0.0 35.8914864157 0.0 -67.9006512348 0.0 27.2617046866 0.0 -5.04505411274 0.0 0.528167395591 0.0 
-1.38599681915 0.0 6.0174195165 0.0 36.7993742408 0.0 -24.4616947975 0.0 5.941073364 0.0 -0.748846572043 0.0 0.0559980261781 
0.0 -9.4928516362 0.0 -8.15022229507 0.0 25.6068376254 0.0 -11.4487716006 0.0 2.2461632934 0.0 -0.244395710434 0.0 
-0.0933918610892 0.0 -2.18770282222 0.0 -7.49680015086 0.0 5.52630522184 0.0 -1.40537830355 0.0 0.182300049029 0.0 -0.0139071218812 
0.0 1.54206268825 0.0 0.93703771872 0.0 -4.38558187826 0.0 2.07866332933 0.0 -0.420758366914 0.0 0.0467409152076 0.0 
0.0363420140802 0.0 0.296957048742 0.0 0.809249422419 0.0 -0.636650789861 0.0 0.166583653124 0.0 -0.0220012440894 0.0 0.00169987594818 
0.0 -0.139512982999 0.0 -0.0625117437645 0.0 0.417301717946 0.0 -0.205494731599 0.0 0.04246013729 0.0 -0.00478263900599 0.0 
-0.00348860854141 0.0 -0.0215828759152 0.0 -0.0519028318983 0.0 0.0426962257605 0.0 -0.0113913680154 0.0 0.00152339033207 0.0 -0.000118756789151 
4.26068493805 -5.68186445512 3.58550778962 0.565059500311 -4.30183667472 4.77297421105 -1.01269032727 -3.40413490088 2.12554629604 3.66562351017 1.67956541167 0.305384893673 -0.0101271247033 
7.12025244606 -9.70284469119 6.64894701423 -0.0539870120746 -6.68002924063 9.4118000254 -5.70909798169 -1.9363932166 5.83824884362 -0.816536981303 -4.61847485341 -2.48554402584 -0.513769416141 
3.44195982674 -3.10472160547 -1.98045400143 9.04438515618 -13.0999755026 9.20046999291 2.29164186451 -10.9371312877 3.34748463279 11.5610282814 6.37975621101 1.36955282058 -0.00163835132472 
0.536412922565 1.09848346688 -5.35938230703 9.92464615074 -11.0308017059 6.06580153546 2.72906314764 -7.27169614703 1.46527706761 5.48866929236 2.40022413006 0.288498296122 -0.0583744466967 
-4.6556123768 9.24731284805 -13.6920435878 15.9599036909 -12.5080777168 1.79631054964 11.1484180959 -13.8221311569 -1.44934274631 15.0975092922 10.4296411888 2.5987678363 0.0616767749953 
-7.0728620039 11.6595099468 -12.6160442492 8.71018303847 0.97014894602 -13.1848409852 18.4481798609 -6.8485370905 -14.4752855027 13.1221400156 19.7635412901 8.90928481773 1.65364629029 
0.692998403984 -2.29869531414 5.49935757964 -9.59842408428 11.6822459322 -7.35124611394 -4.38502726858 13.5380321639 -3.61897753131 -16.3691238335 -9.72675331895 -2.22741343586 -0.0231629853616 
2.78977522607 -4.91763904895 6.15545574632 -5.78582404352 2.47392490007 3.81213784575 -9.11939567675 6.03470222733 6.12714482956 -9.06103330735 -11.0832577359 -4.69102482091 -0.830574732353 
0.0466959325427 0.169573887128 -0.846153674081 1.9249339291 -2.83218403228 2.33777084408 0.450663445175 -3.51628555742 1.61555267798 4.66000432457 2.61196083203 0.577011768103 0.00257259737824 
-0.468283967958 0.851151905771 -1.13289409938 1.18856889208 -0.71949264691 -0.440919313473 1.70466162911 -1.46413797742 -1.01915271054 2.1219164061 2.35131800635 0.962293643185 0.165982253524 
-0.0181710073688 0.00345930680048 0.0685154016396 -0.19756687241 0.328415626074 -0.313837312452 0.00115214966843 0.428625814663 -0.267007279326 -0.621610435799 -0.335706899264 -0.0724324380066 -3.46824730673e-05 
0.0432736111272 -0.0801476947195 0.110587549565 -0.123211586036 0.0867636823837 0.0245927725334 -0.166274319263 0.170152695102 0.0874217351336 -0.24868267589 -0.258320984875 -0.103299126776 -0.017493849576 
0.00174430430088 -0.00120221374748 -0.00329854821573 0.0120032470486 -0.0217579509078 0.0228081028596 -0.00292797405437 -0.0292448189503 0.0226456487778 0.046210733136 0.0243061945943 0.00515550242898 -1.26060273415e-05 
14
5.05072990331 6.96067299604 4.91566995758 0.216293714325 -4.88476291265 -7.28862468835 -4.62789453704 1.89092328435 5.84349988606 0.972742541579 -6.04760397827 3.74724164515 -0.916993390755 0.0221318175222 
-7.13080315983 -9.74232177036 -6.75309097293 -0.259296094239 6.37160694316 9.08967276587 5.58621415236 -1.64695114089 -5.30974136482 -0.818459423969 3.6974714104 -1.644332472 0.175990188196 0.0585420629416 
5.44455715358 6.34597011181 1.39019956284 -7.06617945944 -14.5814071198 -15.5811497978 -6.87292418895 7.10716213252 12.779118056 0.18779697669 -13.2104376772 8.91099375381 -2.30493634474 0.0779672702118 
-0.403148309892 1.36501500118 5.77793503358 10.4851755776 11.5954961002 6.30236739405 -3.20063612613 -8.27497635499 -1.73041711744 7.23580169606 -3.62383874897 0.603968710757 0.063229578163 -0.0378253212221 
-2.85731364933 -6.33733120684 -10.6676303483 -14.1889701404 -13.847256665 -7.53539044763 2.91698518256 10.3960930333 7.0372272276 -4.56690905371 -7.16985135565 6.65136957752 -2.01720475793 0.119552900762 
7.40715072399 12.3902667907 13.9062207104 10.660775116 1.33868604958 -11.5648123106 -19.0890024696 -10.0760184924 12.092549986 17.0440907755 -19.3889491541 6.76914986844 -0.499244407065 -0.270750257142 
-2.62036164177 -3.064374714 -0.0787545339309 6.32256915627 14.12885122 17.9040628379 10.7784737299 -7.19327669333 -19.217329469 -3.08796356752 22.6985110766 -14.7859467679 3.78799145879 -0.124419687856 
-3.0573875227 -5.48457991493 -7.11850742711 -7.18919002498 -4.0630730251 2.81340809659 9.78992998405 8.41225369164 -4.71812270856 -12.3361511742 11.7851053715 -3.82961678755 0.238078260383 0.159066923889 
1.30107302579 1.86101967771 1.26653320678 -0.682666742368 -3.75509161076 -6.32955327234 -5.28979700085 1.1088217597 7.51515113853 2.71668988151 -9.66707951588 5.86206356007 -1.43843757901 0.0367290726481 
0.542488157339 1.00588760895 1.3903990759 1.55609583986 1.12474115721 -0.204709934812 -1.91212151773 -2.09528854708 0.69644805728 3.04891804848 -2.68312299088 0.839963332294 -0.0470216549169 -0.0356019721205 
-0.237529765645 -0.358597889182 -0.301093440497 -0.0200229280547 0.489256415929 1.01136046495 1.00501966283 -0.00668473595683 -1.29780992052 -0.670353937625 1.81256834626 -1.05361428072 0.251797613919 -0.00527915012363 
-0.0538859676104 -0.102029428184 -0.146457054173 -0.173603548885 -0.141165152541 -0.00509825921714 0.198110357517 0.257602368864 -0.0480884134689 -0.383211653635 0.319620525422 -0.097543526779 0.00504319889036 0.0041930810296 
0.023442502942 0.0363356721703 0.033279040184 0.00955893690828 -0.0376063412388 -0.0917456635378 -0.102230237832 -0.0125986790134 0.124513907487 0.0818206165131 -0.18833405504 0.106255324034 -0.0249151418722 0.000439409259058 
0.00333852943051 0.00641447234245 0.00944387632664 0.0116125696677 0.0101213223307 0.00162968490722 -0.0124492240066 -0.0184106768692 0.00142980495233 0.0282769613559 -0.0226984253375 0.00679896261466 -0.000329956196624 -0.000295353319916 
-10.1014598066 0.0 -10.6895466346 0.0 6.35549300847 0.0 5.35327999204 0.0 -2.89441446877 0.0 0.571527926244 0.0 -0.0616682697285 0.0 
0.0 -29.9190099392 0.0 -4.85725344567 0.0 28.028438044 0.0 -11.4599408555 0.0 2.10028406159 0.0 -0.220731246324 0.0 0.0147409650865 
-10.8891143072 0.0 -50.5618517639 0.0 0.99708306884 0.0 24.0852976403 0.0 -9.64614674585 0.0 1.71304095549 0.0 -0.17453713275 0.0 
0.0 -5.52312328773 0.0 -56.2768535426 0.0 36.6501871576 0.0 -8.39979423284 0.0 0.952687042872 0.0 -0.058979445504 0.0 0.00189450499545 
5.71462729866 0.0 -0.172481570111 0.0 -81.305291841 0.0 55.2688746181 0.0 -15.011224009 0.0 2.21647968141 0.0 -0.201745822459 0.0 
0.0 26.5377122784 0.0 34.4620873795 0.0 -74.2302782998 0.0 31.7575803651 0.0 -6.25129717955 0.0 0.701420587418 0.0 -0.049509715111 
5.24072328354 0.0 22.9961012996 0.0 52.4308085795 0.0 -54.2983126524 0.0 17.8324600402 0.0 -2.97259056588 0.0 0.295028249938 0.0 
0.0 -10.2130425282 0.0 -7.32606129438 0.0 30.0640112568 0.0 -14.4726594363 0.0 3.03333280373 0.0 -0.354586086244 0.0 0.025764236581 
-2.60214605158 0.0 -8.61372633746 0.0 -13.4086797519 0.0 16.8196114133 0.0 -5.90752852463 0.0 1.0243993748 0.0 -0.104442708709 0.0 
0.0 1.74669305723 0.0 0.752247985934 0.0 -5.53810565106 0.0 2.83849715473 0.0 -0.614623882121 0.0 0.0733964083591 0.0 -0.00541461510285 
0.475059531289 0.0 1.4204047123 0.0 1.84209785912 0.0 -2.6111349878 0.0 0.953908962357 0.0 -0.169290962671 0.0 0.0175377317497 0.0 
0.0 -0.169274088943 0.0 -0.0404794282294 0.0 0.573745572564 0.0 -0.306252910557 0.0 0.067730759986 0.0 -0.00820247799726 0.0 0.000611270584491 
-0.0468850058839 0.0 -0.132676630616 0.0 -0.153957633814 0.0 0.237953895056 0.0 -0.0892697079369 0.0 0.0160950966808 0.0 -0.0016858651507 0.0 
0.0 0.0103010666082 0.0 0.00101019991485 0.0 -0.0368996163402 0.0 0.0202607185312 0.0 -0.00454770883693 0.0 0.000556253266955 0.0 -4.17554360311e-05 
5.05072990331 -6.96067299604 4.91566995758 -0.216293714325 -4.88476291265 7.28862468835 -4.62789453704 -1.89092328435 5.84349988606 -0.972742541579 -6.04760397827 -3.74724164515 -0.916993390755 -0.0221318175222 
7.13080315983 -9.74232177036 6.75309097293 -0.259296094239 -6.37160694316 9.08967276587 -5.58621415236 -1.64695114089 5.30974136482 -0.818459423969 -3.6974714104 -1.644332472 -0.175990188196 0.0585420629416 
5.44455715358 -6.34597011181 1.39019956284 7.06617945944 -14.5814071198 15.5811497978 -6.87292418895 -7.10716213252 12.779118056 -0.18779697669 -13.2104376772 -8.91099375381 -2.30493634474 -0.0779672702118 
0.403148309892 1.36501500118 -5.77793503358 10.4851755776 -11.5954961002 6.30236739405 3.20063612613 -8.27497635499 1.73041711744 7.23580169606 3.62383874897 0.603968710757 -0.063229578163 -0.0378253212221 
-2.85731364933 6.33733120684 -10.6676303483 14.1889701404 -13.847256665 7.53539044763 2.91698518256 -10.3960930333 7.0372272276 4.56690905371 -7.16985135565 -6.65136957752 -2.01720475793 -0.119552900762 
-7.40715072399 12.3902667907 -13.9062207104 10.660775116 -1.33868604958 -11.5648123106 19.0890024696 -10.0760184924 -12.092549986 17.0440907755 19.3889491541 6.76914986844 0.499244407065 -0.270750257142 
-2.62036164177 3.064374714 -0.0787545339309 -6.32256915627 14.12885122 -17.9040628379 10.7784737299 7.19327669333 -19.217329469 3.08796356752 22.6985110766 14.7859467679 3.78799145879 0.124419687856 
3.0573875227 -5.48457991493 7.11850742711 -7.18919002498 4.0630730251 2.81340809659 -9.78992998405 8.41225369164 4.71812270856 -12.3361511742 -11.7851053715 -3.82961678755 -0.238078260383 0.159066923889 
1.30107302579 -1.86101967771 1.26653320678 0.682666742368 -3.75509161076 6.32955327234 -5.28979700085 -1.1088217597 7.51515113853 -2.71668988151 -9.66707951588 -5.86206356007 -1.43843757901 -0.0367290726481 
-0.542488157339 1.00588760895 -1.3903990759 1.55609583986 -1.12474115721 -0.204709934812 1.91212151773 -2.09528854708 -0.69644805728 3.04891804848 2.68312299088 0.839963332294 0.0470216549169 -0.0356019721205 
-0.237529765645 0.358597889182 -0.301093440497 0.0200229280547 0.489256415929 -1.01136046495 1.00501966283 0.00668473595683 -1.29780992052 0.670353937625 1.81256834626 1.05361428072 0.251797613919 0.00527915012363 
0.0538859676104 -0.102029428184 0.146457054173 -0.173603548885 0.141165152541 -0.00509825921714 -0.198110357517 0.257602368864 0.0480884134689 -0.383211653635 -0.319620525422 -0.097543526779 -0.00504319889036 0.0041930810296 
0.023442502942 -0.0363356721703 0.033279040184 -0.00955893690828 -0.0376063412388 0.0917456635378 -0.102230237832 0.0125986790134 0.124513907487 -0.0818206165131 -0.18833405504 -0.106255324034 -0.0249151418722 -0.000439409259058 
-0.00333852943051 0.00641447234245 -0.00944387632664 0.0116125696677 -0.0101213223307 0.00162968490722 0.0124492240066 -0.0184106768692 -0.00142980495233 0.0282769613559 0.0226984253375 0.00679896261466 0.000329956196624 -0.000295353319916 
15
5.95426408168 8.58120316315 7.06349206942 2.58306748206 -3.02675764892 -7.121996107 -7.14158734515 -2.45012355069 3.74681163296 5.19094756694 -0.720438091456 -5.1606003457 3.86138625414 -1.07438343753 0.0389143932104 
-7.13878582054 -9.70420086072 -6.57010003063 0.175216350561 7.0962479438 9.93320540937 6.05165822787 -2.16582252824 -6.61931880435 -1.17665874188 5.96279992253 -3.29408286227 0.641678761403 0.0504125533875 -0.0436569869406 
7.14634601192 9.39783903137 5.43412709271 -2.61182683828 -11.0878370486 -15.2748804329 -11.612743223 -1.06575308106 8.84376630731 8.14204788977 -3.20207694724 -7.85953038789 6.70361288319 -1.99514350433 0.0961552819491 
-0.435958342351 1.71908525796 7.28992264031 13.9825922988 17.3519322969 12.9189672444 0.324513339939 -12.5461596579 -12.0500392028 4.81090625161 14.0347486697 -12.5436068695 3.91203184819 -0.174563878207 -0.196997652292 
-2.7127760914 -6.07938138079 -10.3291239683 -13.8223121824 -13.5708121298 -7.53513697639 2.49650371828 9.71395207455 6.7501697819 -3.8603248615 -6.40915310244 5.25842059965 -1.22850754576 -0.0807401046169 0.0805925054622 
7.35810237213 13.0668953611 16.7336669956 17.1666062851 12.0177715144 0.677692562391 -12.6153915152 -18.0576182706 -7.02149253271 12.7045237433 13.2527910703 -17.6511556787 6.705760187 -0.554366656547 -0.301831788305 
-6.74800048323 -10.4683174625 -9.89400638786 -4.49740645758 5.62739395207 17.1260454366 22.2513194885 12.6490708255 -9.60533182693 -22.3422184755 -1.71519176929 25.9666930308 -18.0568238861 4.88279784246 -0.155612212082 
-3.00389389046 -6.10985260464 -9.76845500444 -13.3077524327 -14.1245425804 -8.74151807364 3.64898234578 15.8970586411 13.3133131651 -8.14170569964 -19.0698082326 19.1905069222 -6.5267108801 0.412605034878 0.312343736281 
3.64680090943 6.06939651773 6.84741963254 5.47313470366 1.08812783381 -5.87248319508 -11.7999234666 -10.1759082881 2.02407322235 13.6427955733 4.26740445432 -17.3326439562 10.9759482618 -2.80091333494 0.0585830880663 
0.524623899382 1.19587902442 2.20291387843 3.43626986091 4.2200791391 3.35412223701 -0.01467146883 -4.39121346733 -4.85587624663 1.73677231853 6.83336607148 -6.24934730962 2.0322784237 -0.11174403821 -0.099788669169 
-0.801253302417 -1.37009418306 -1.64285200157 -1.50071037907 -0.676968105757 0.898635295855 2.56769094184 2.70705614988 0.0274929101169 -3.29326360122 -1.5489089503 4.52952644903 -2.73343458023 0.675931172201 -0.0100087863068 
-0.0508460974814 -0.131712561757 -0.274531305075 -0.470604027928 -0.630665463335 -0.568522744751 -0.103228827281 0.619665266969 0.830810264405 -0.172248754118 -1.18952147293 1.02522098322 -0.323788431648 0.0160348253187 0.0161729473339 
0.0988134097216 0.171594279039 0.212752556609 0.207713254321 0.11863814757 -0.0762782991485 -0.310916621838 -0.375696576364 -0.0534791656705 0.432142749377 0.262960565665 -0.641672536307 0.374639720939 -0.0906169753814 0.000947075796196 
0.00302791422206 0.00919379495722 0.0215540598854 0.0397615202622 0.0565717964832 0.0551604230263 0.0162786652244 -0.0526638631362 -0.0820648049365 0.00789114460074 0.120978672467 -0.0999537913681 0.0308961991991 -0.00140465488017 -0.00156306536592 
-0.00770614953302 -0.0135182638975 -0.0171232872227 -0.0174082952739 -0.0111978100247 0.0039000074493 0.0236950721965 0.0316699979186 0.00755899603072 -0.0349894527875 -0.0258206807963 0.0559091090454 -0.0318455115952 0.00757449495809 -5.38186072079e-05 
-11.9085281634 0.0 -14.1244115519 0.0 6.04641602607 0.0 14.0852028791 0.0 -8.06183647078 0.0 1.88088757451 0.0 -0.248568739986 0.0 0.0209846370001 
0.0 -30.0505572923 0.0 -5.81905199588 0.0 26.2389645766 0.0 -9.68667710485 0.0 1.52283843795 0.0 -0.122950707835 0.0 0.00468301249774 0.0 
-14.2926920238 0.0 -57.0341436274 0.0 0.405218367177 0.0 40.5264589839 0.0 -19.3703956798 0.0 4.17601881144 0.0 -0.525964728117 0.0 0.0429580472838 
0.0 -6.45857857962 0.0 -63.7621471565 0.0 22.4349117862 0.0 5.51436556172 0.0 -3.54659390235 0.0 0.698105583473 0.0 -0.0754777088449 0.0 
5.4255521828 0.0 -0.731702468003 0.0 -81.3885846821 0.0 56.6481340936 0.0 -15.8090033139 0.0 2.41516289135 0.0 -0.229629062388 0.0 0.0145576847067 
0.0 24.844637842 0.0 20.6360703512 0.0 -100.600359319 0.0 57.5017641494 0.0 -14.5631911598 0.0 2.09808468409 0.0 -0.192035897527 0.0 
13.4960009665 0.0 38.6813894836 0.0 53.8215375194 0.0 -94.195832029 0.0 41.4531013794 0.0 -8.95936689502 0.0 1.14978532648 0.0 -0.0959308774588 
0.0 -8.59188204065 0.0 5.73644923416 0.0 54.9065545667 0.0 -38.7653085729 0.0 10.8836721079 0.0 -1.6747348789 0.0 0.160589088932 0.0 
-7.29360181886 0.0 -17.5220895124 0.0 -14.180029483 0.0 39.5014739451 0.0 -19.3455388853 0.0 4.4320250317 0.0 -0.591184364277 0.0 0.0507160155604 
0.0 1.24294290227 0.0 -3.27313872923 0.0 -13.1797091198 0.0 10.3183514319 0.0 -3.03303262062 0.0 0.480259236218 0.0 -0.0469837472456 0.0 
1.60250660483 0.0 3.56017839867 0.0 2.02381671015 0.0 -8.06337534465 0.0 4.18586863086 0.0 -0.989146144279 0.0 0.134681118558 0.0 -0.0117270279293 
0.0 -0.0888469646829 0.0 0.597118698038 0.0 1.7819822033 0.0 -1.49001413299 0.0 0.450643683482 0.0 -0.0726453375217 0.0 0.00719755398393 0.0 
-0.197626819443 0.0 -0.418619986768 0.0 -0.177754132373 0.0 0.967092379724 0.0 -0.521715133238 0.0 0.125830655883 0.0 -0.0173695528008 0.0 0.00152767008077 
0.0 0.00259041417166 0.0 -0.0595974850908 0.0 -0.151527068589 0.0 0.132677313502 0.0 -0.0409283744726 0.0 0.00668115624618 0.0 -0.000667935073677 0.0 
0.015412299066 0.0 0.0316002209648 0.0 0.0103007641857 0.0 -0.0746016197871 0.0 0.0413631140768 0.0 -0.0101233471564 0.0 0.00141136611906 0.0 -0.000125046529508 
5.95426408168 -8.58120316315 7.06349206942 -2.58306748206 -3.02675764892 7.121996107 -7.14158734515 2.45012355069 3.74681163296 -5.19094756694 -0.720438091456 5.1606003457 3.86138625414 1.07438343753 0.0389143932104 
7.13878582054 -9.70420086072 6.57010003063 0.175216350561 -7.0962479438 9.93320540937 -6.05165822787 -2.16582252824 6.61931880435 -1.17665874188 -5.96279992253 -3.29408286227 -0.641678761403 0.0504125533875 0.0436569869406 
7.14634601192 -9.39783903137 5.43412709271 2.61182683828 -11.0878370486 15.2748804329 -11.612743223 1.06575308106 8.84376630731 -8.14204788977 -3.20207694724 7.85953038789 6.70361288319 1.99514350433 0.0961552819491 
0.435958342351 1.71908525796 -7.28992264031 13.9825922988 -17.3519322969 12.9189672444 -0.324513339939 -12.5461596579 12.0500392028 4.81090625161 -14.0347486697 -12.5436068695 -3.91203184819 -0.174563878207 0.196997652292 
-2.7127760914 6.07938138079 -10.3291239683 13.8223121824 -13.5708121298 7.53513697639 2.49650371828 -9.71395207455 6.7501697819 3.8603248615 -6.40915310244 -5.25842059965 -1.22850754576 0.0807401046169 0.0805925054622 
-7.35810237213 13.0668953611 -16.7336669956 17.1666062851 -12.0177715144 0.677692562391 12.6153915152 -18.0576182706 7.02149253271 12.7045237433 -13.2527910703 -17.6511556787 -6.705760187 -0.554366656547 0.301831788305 
-6.74800048323 10.4683174625 -9.89400638786 4.49740645758 5.62739395207 -17.1260454366 22.2513194885 -12.6490708255 -9.60533182693 22.3422184755 -1.71519176929 -25.9666930308 -18.0568238861 -4.88279784246 -0.155612212082 
3.00389389046 -6.10985260464 9.76845500444 -13.3077524327 14.1245425804 -8.74151807364 -3.64898234578 15.8970586411 -13.3133131651 -8.14170569964 19.0698082326 19.1905069222 6.5267108801 0.412605034878 -0.312343736281 
3.64680090943 -6.06939651773 6.84741963254 -5.47313470366 1.08812783381 5.87248319508 -11.7999234666 10.1759082881 2.02407322235 -13.6427955733 4.26740445432 17.3326439562 10.9759482618 2.80091333494 0.0585830880663 
-0.524623899382 1.19587902442 -2.20291387843 3.43626986091 -4.2200791391 3.35412223701 0.01467146883 -4.39121346733 4.85587624663 1.73677231853 -6.83336607148 -6.24934730962 -2.0322784237 -0.11174403821 0.099788669169 
-0.801253302417 1.37009418306 -1.64285200157 1.50071037907 -0.676968105757 -0.898635295855 2.56769094184 -2.70705614988 0.0274929101169 3.29326360122 -1.5489089503 -4.52952644903 -2.73343458023 -0.675931172201 -0.0100087863068 
0.0508460974814 -0.131712561757 0.274531305075 -0.470604027928 0.630665463335 -0.568522744751 0.103228827281 0.619665266969 -0.830810264405 -0.172248754118 1.18952147293 1.02522098322 0.323788431648 0.0160348253187 -0.0161729473339 
0.0988134097216 -0.171594279039 0.212752556609 -0.207713254321 0.11863814757 0.0762782991485 -0.310916621838 0.375696576364 -0.0534791656705 -0.432142749377 0.262960565665 0.641672536307 0.374639720939 0.0906169753814 0.000947075796196 
-0.00302791422206 0.00919379495722 -0.0215540598854 0.0397615202622 -0.0565717964832 0.0551604230263 -0.0162786652244 -0.0526638631362 0.0820648049365 0.00789114460074 -0.120978672467 -0.0999537913681 -0.0308961991991 -0.00140465488017 0.00156306536592 
-0.00770614953302 0.0135182638975 -0.0171232872227 0.0174082952739 -0.0111978100247 -0.0039000074493 0.0236950721965 -0.0316699979186 0.00755899603072 0.0349894527875 -0.0258206807963 -0.0559091090454 -0.0318455115952 -0.00757449495809 -5.38186072079e-05 
16
6.17245156293 9.03770904087 7.83681026627 3.74776155437 -1.54475347786 -5.71178069691 -6.56448560122 -3.4654868956 1.42323320541 3.8255567179 1.34104206157 -2.2639278915 -0.661098381065 1.24557517399 -0.428634558 0.0103700636108 
-8.25034614218 -11.4255847013 -8.17564100561 -0.426388042936 8.55534331477 14.1325748313 12.0917475295 2.10120414856 -9.06326942567 -9.80652296986 2.86766584517 11.3178362844 -9.42622209215 2.58375028719 0.106733649623 -0.211829458248 
7.30560660867 9.72669785897 5.98169643867 -1.80064673014 -10.0732362834 -14.3340254325 -11.2695518691 -1.81770073524 7.24666213268 7.2898190988 -1.69864648629 -6.03108198659 3.62443236544 -0.334809750274 -0.277575826396 0.0763365778334 
-2.60005861993 -1.6280437841 4.18059087636 12.849274368 20.2566125895 21.1729794442 12.1362089769 -4.27197190311 -16.9350020082 -12.0827875905 8.19600595057 15.9491387498 -15.8745653248 4.88277649981 0.0582240962802 -0.376764454417 
-3.62051986722 -7.99565788176 -13.6125097528 -18.8203189922 -19.9993463679 -13.7486700921 -0.21006871709 13.8964108916 16.8062329953 2.38743377342 -14.9926699195 -7.9249963538 18.4796082324 -9.88132937865 1.90706526733 0.217953276496 
5.76675580041 10.611782816 14.4712391262 16.388387873 14.246653948 6.8608866643 -3.85394394482 -12.0217566608 -10.7979047686 0.148142082463 9.23177978848 3.36450354459 -8.11232141379 3.34583003784 -0.168618123364 -0.224513421765 
-8.66651794502 -14.5013821659 -16.7675864303 -14.9089088879 -7.69785882374 4.33808399915 16.8346429425 21.5316169467 11.266324692 -9.69617591537 -19.8548510383 -0.807020406729 22.7764115785 -15.7369018625 3.84607215108 0.180965832733 
0.508876042742 -0.674741310607 -4.71346560044 -11.4501790838 -18.8099017771 -22.1053121464 -15.5053646631 2.44300971354 21.1855709203 19.2578060673 -9.46302839538 -27.1702968236 25.6358862808 -7.80499267502 -0.102037108959 0.606664304892 
5.45142132636 9.87122648678 13.3447602969 15.3400442567 13.7492562963 6.32395082221 -6.55690667345 -18.5119589444 -17.8006969163 1.46889538385 21.3378444923 8.42858459618 -27.9202342653 16.7105925528 -3.66723195589 -0.276217476294 
-1.06331854601 -1.26349630804 -0.0916686676066 2.57485016963 6.30182038844 9.35166173776 8.6167715122 1.71287588466 -8.34323041178 -10.6052397641 2.36665424475 14.7374125143 -12.4558381484 3.55953334385 0.101689929646 -0.286377083799 
-1.40589536888 -2.64561201543 -3.82643346688 -4.82198874404 -4.94567557808 -3.22297194493 0.779971790635 5.49635203282 6.71124294033 0.845233047742 -7.27121381619 -4.23102975756 10.4164158671 -5.89808661971 1.23566215677 0.109195464287 
0.296356237229 0.40647749335 0.228921847635 -0.278269834548 -1.07920344322 -1.8719843224 -1.98569816746 -0.719325212527 1.58033090121 2.51898504291 -0.188723883521 -3.57343499664 2.83919181354 -0.781010146881 -0.029878846665 0.0642124832601 
0.207811514342 0.401817307871 0.60750068855 0.809023018141 0.892638050595 0.672664838914 0.0166023038749 -0.87792745126 -1.26548603184 -0.32411744345 1.29513339266 0.960411068696 -2.01760462229 1.10214837021 -0.22379986394 -0.0218117900581 
-0.0420327478716 -0.0607119276867 -0.0440110673223 0.0142846630695 0.113928843539 0.223314978722 0.259990739309 0.121698419546 -0.177669711765 -0.340502559125 -0.0121625780746 0.498580593469 -0.37940559859 0.101522158184 0.00461510569001 -0.00848333960017 
-0.0199258120339 -0.0393620246987 -0.0615092948864 -0.0851247970558 -0.0984983334111 -0.0807642963569 -0.0136417512545 0.0879078438023 0.144288460691 0.0510109740639 -0.141621773802 -0.126475205158 0.239068799293 -0.127177310892 0.0252201652648 0.00263611292203 
0.00370682801059 0.00550162003606 0.00444104936669 -2.72644935124e-05 -0.00811074595461 -0.0175908539533 -0.0218941877061 -0.011911226187 0.0131221362994 0.0294459393752 0.00373690425141 -0.0446707117156 0.0329085039585 -0.00861983406058 -0.000440712394004 0.000729579295103 
-12.3449031259 0.0 -14.4534737789 0.0 7.86880622837 0.0 18.0653092 0.0 -11.9170526414 0.0 3.22580453478 0.0 -0.503463416142 0.0 0.051306939077 0.0 
0.0 -34.3089053439 0.0 -14.2425692485 0.0 19.8617997744 0.0 4.6521150554 0.0 -5.18685443392 0.0 1.41055871454 0.0 -0.2052111266 0.0 0.0189500459554 
-14.6112132173 0.0 -57.3080335113 0.0 1.60293149776 0.0 43.2839428297 0.0 -21.9764610264 0.0 5.07198464274 0.0 -0.693559515984 0.0 0.0626300930054 0.0 
0.0 -14.7576469002 0.0 -80.235802174 0.0 9.87904140099 0.0 33.5362766449 0.0 -16.6271774858 0.0 3.68181387142 0.0 -0.483086634787 0.0 0.0418703700303 
7.24103973445 0.0 0.505562694726 0.0 -89.4880400342 0.0 39.5136509461 0.0 1.04030672927 0.0 -3.51378167394 0.0 0.902565317294 0.0 -0.12114418777 0.0 
0.0 18.7296905343 0.0 8.41496076798 0.0 -110.03689301 0.0 78.2610746158 0.0 -24.207333764 0.0 4.2894162818 0.0 -0.490269953206 0.0 0.0386142005227 
17.33303589 0.0 41.4278054134 0.0 37.2209650244 0.0 -129.830229101 0.0 76.247582165 0.0 -21.1529128551 0.0 3.46987653111 0.0 -0.373005415104 0.0 
0.0 4.87507913861 0.0 32.4402693282 0.0 75.2183539763 0.0 -84.18595397 0.0 32.096230864 0.0 -6.51475250863 0.0 0.821922644577 0.0 -0.0698162599342 
-10.9028426527 0.0 -20.0421213774 0.0 1.68282973947 0.0 73.2930401937 0.0 -52.4570171966 0.0 16.0583593322 0.0 -2.80701234157 0.0 0.315764938338 0.0 
0.0 -4.83989429036 0.0 -15.3017823541 0.0 -22.2804117916 0.0 30.7842221609 0.0 -12.6073408006 0.0 2.66758656197 0.0 -0.346203468728 0.0 0.0300207466366 
2.81179073776 0.0 4.39135320923 0.0 -3.34230766048 0.0 -19.4408600273 0.0 15.3575828054 0.0 -4.91611675819 0.0 0.883773983648 0.0 -0.101404844445 0.0 
0.0 1.2402612317 0.0 3.21927513123 0.0 3.75684583754 0.0 -5.95216391664 0.0 2.54094750874 0.0 -0.550656170623 0.0 0.0726435419193 0.0 -0.00637544025792 
-0.415623028683 0.0 -0.566242484225 0.0 0.798165722028 0.0 3.02729247406 0.0 -2.54844076617 0.0 0.838915701246 0.0 -0.153494737154 0.0 0.0178347040369 0.0 
0.0 -0.169787560786 0.0 -0.398881523249 0.0 -0.405881846342 0.0 0.710096394675 0.0 -0.311772924616 0.0 0.0686735523101 0.0 -0.00916193972213 0.0 0.000810822371549 
0.0398516240678 0.0 0.0478903681852 0.0 -0.100112035964 0.0 -0.306635641368 0.0 0.270061129809 0.0 -0.0906630931831 0.0 0.0167968308089 0.0 -0.00196925782412 0.0 
0.0 0.0146784173778 0.0 0.0324402794168 0.0 0.0300293123947 0.0 -0.0566448331087 0.0 0.0253811935991 0.0 -0.0056573485369 0.0 0.000761032743742 0.0 -6.77693833931e-05 
6.17245156293 -9.03770904087 7.83681026627 -3.74776155437 -1.54475347786 5.71178069691 -6.56448560122 3.4654868956 1.42323320541 -3.8255567179 1.34104206157 2.2639278915 -0.661098381065 -1.24557517399 -0.428634558 -0.0103700636108 
8.25034614218 -11.4255847013 8.17564100561 -0.426388042936 -8.55534331477 14.1325748313 -12.0917475295 2.10120414856 9.06326942567 -9.80652296986 -2.86766584517 11.3178362844 9.42622209215 2.58375028719 -0.106733649623 -0.211829458248 
7.30560660867 -9.72669785897 5.98169643867 1.80064673014 -10.0732362834 14.3340254325 -11.2695518691 1.81770073524 7.24666213268 -7.2898190988 -1.69864648629 6.03108198659 3.62443236544 0.334809750274 -0.277575826396 -0.0763365778334 
2.60005861993 -1.6280437841 -4.18059087636 12.849274368 -20.2566125895 21.1729794442 -12.1362089769 -4.27197190311 16.9350020082 -12.0827875905 -8.19600595057 15.9491387498 15.8745653248 4.88277649981 -0.0582240962802 -0.376764454417 
-3.62051986722 7.99565788176 -13.6125097528 18.8203189922 -19.9993463679 13.7486700921 -0.21006871709 -13.8964108916 16.8062329953 -2.38743377342 -14.9926699195 7.9249963538 18.4796082324 9.88132937865 1.90706526733 -0.217953276496 
-5.76675580041 10.611782816 -14.4712391262 16.388387873 -14.246653948 6.8608866643 3.85394394482 -12.0217566608 10.7979047686 0.148142082463 -9.23177978848 3.36450354459 8.11232141379 3.34583003784 0.168618123364 -0.224513421765 
-8.66651794502 14.5013821659 -16.7675864303 14.9089088879 -7.69785882374 -4.33808399915 16.8346429425 -21.5316169467 11.266324692 9.69617591537 -19.8548510383 0.807020406729 22.7764115785 15.7369018625 3.84607215108 -0.180965832733 
-0.508876042742 -0.674741310607 4.71346560044 -11.4501790838 18.8099017771 -22.1053121464 15.5053646631 2.44300971354 -21.1855709203 19.2578060673 9.46302839538 -27.1702968236 -25.6358862808 -7.80499267502 0.102037108959 0.606664304892 
5.45142132636 -9.87122648678 13.3447602969 -15.3400442567 13.7492562963 -6.32395082221 -6.55690667345 18.5119589444 -17.8006969163 -1.46889538385 21.3378444923 -8.42858459618 -27.9202342653 -16.7105925528 -3.66723195589 0.276217476294 
1.06331854601 -1.26349630804 0.0916686676066 2.57485016963 -6.30182038844 9.35166173776 -8.6167715122 1.71287588466 8.34323041178 -10.6052397641 -2.36665424475 14.7374125143 12.4558381484 3.55953334385 -0.101689929646 -0.286377083799 
-1.40589536888 2.64561201543 -3.82643346688 4.82198874404 -4.94567557808 3.22297194493 0.779971790635 -5.49635203282 6.71124294033 -0.845233047742 -7.27121381619 4.23102975756 10.4164158671 5.89808661971 1.23566215677 -0.109195464287 
-0.296356237229 0.40647749335 -0.228921847635 -0.278269834548 1.07920344322 -1.8719843224 1.98569816746 -0.719325212527 -1.58033090121 2.51898504291 0.188723883521 -3.57343499664 -2.83919181354 -0.781010146881 0.029878846665 0.0642124832601 
0.207811514342 -0.401817307871 0.60750068855 -0.809023018141 0.892638050595 -0.672664838914 0.0166023038749 0.87792745126 -1.26548603184 0.32411744345 1.29513339266 -0.960411068696 -2.01760462229 -1.10214837021 -0.22379986394 0.0218117900581 
0.0420327478716 -0.0607119276867 0.0440110673223 0.0142846630695 -0.113928843539 0.223314978722 -0.259990739309 0.121698419546 0.177669711765 -0.340502559125 0.0121625780746 0.498580593469 0.37940559859 0.101522158184 -0.00461510569001 -0.00848333960017 
-0.0199258120339 0.0393620246987 -0.0615092948864 0.0851247970558 -0.0984983334111 0.0807642963569 -0.0136417512545 -0.0879078438023 0.144288460691 -0.0510109740639 -0.141621773802 0.126475205158 0.239068799293 0.127177310892 0.0252201652648 -0.00263611292203 
-0.00370682801059 0.00550162003606 -0.00444104936669 -2.72644935124e-05 0.00811074595461 -0.0175908539533 0.0218941877061 -0.011911226187 -0.0131221362994 0.0294459393752 -0.00373690425141 -0.0446707117156 -0.0329085039585 -0.00861983406058 0.000440712394004 0.000729579295103 
