7
-0.5211359830930463 -0.7668236904156172 -0.6382706896583039 -0.191912997318276 0.3173497853967473 0.3199376710522017 -0.3332349630260731 
0.7079427592548659 1.026700838606212 0.8354060209211016 0.2565264020742798 -0.3647445904450109 -0.4038822359525494 0.2949106195329564 
-0.7310972316073863 -0.9931126419066553 -0.6108466824978088 0.2525520623829751 1.002791857765504 0.5759473186850611 -0.9370540515640167 
-0.02039342547115905 -0.2555452170111468 -0.6889667025357812 -0.8358808148350009 -0.07257411544511345 0.9278019152134299 -0.4870701137403438 
0.224170298696171 0.4134481790420889 0.4683548344076036 0.1785855353789898 -0.4283108430882353 -0.519007463598679 0.5763210654020064 
-0.01373027336336304 0.004975779514712903 0.07894923012103706 0.1546507037573048 0.05891408694871037 -0.1916104647895583 0.09300781496829703 
-0.02116813782267426 -0.04240021451690968 -0.05829491774646391 -0.03861369230053912 0.0423018853728316 0.08317970044511332 -0.08031940230550424 
0.0 1.3872129945742 0.0 0.1846063216588362 0.0 -0.09761281374388016 0.0 
-1.415885518374444 0.0 2.984638108536392 0.0 -0.6738482286088061 0.0 0.05489238398989597 
0.0 -3.078964917689623 0.0 2.782797788378773 0.0 -0.5209761118055178 0.0 
0.04078684974068405 0.0 -2.033743637090238 0.0 0.657551252350155 0.0 -0.06472508614717003 
0.0 0.7262010292840999 0.0 -1.070674736505167 0.0 0.2344672500254299 0.0 
0.0274605471050047 0.0 0.2876080657027734 0.0 -0.1058369315438941 0.0 0.01110805389095468 
0.0 -0.06185673176691305 0.0 0.1195141172391236 0.0 -0.02816213254328514 0.0 
0.5211359830930463 -0.7668236904156172 0.6382706896583039 -0.191912997318276 -0.3173497853967473 0.3199376710522017 0.3332349630260731 
0.7079427592548659 -1.026700838606212 0.8354060209211016 -0.2565264020742798 -0.3647445904450109 0.4038822359525494 0.2949106195329564 
0.7310972316073863 -0.9931126419066553 0.6108466824978088 0.2525520623829751 -1.002791857765504 0.5759473186850611 0.9370540515640167 
-0.02039342547115905 0.2555452170111468 -0.6889667025357812 0.8358808148350009 -0.07257411544511345 -0.9278019152134299 -0.4870701137403438 
-0.224170298696171 0.4134481790420889 -0.4683548344076036 0.1785855353789898 0.4283108430882353 -0.519007463598679 -0.5763210654020064 
-0.01373027336336304 -0.004975779514712903 0.07894923012103706 -0.1546507037573048 0.05891408694871037 0.1916104647895583 0.09300781496829703 
0.02116813782267426 -0.04240021451690968 0.05829491774646391 -0.03861369230053912 -0.0423018853728316 0.08317970044511332 0.08031940230550424 
8
-0.5222949951423349 -0.7700343698038912 -0.6449248428171306 -0.2012081456932415 0.3125814860949558 0.3288498539057375 -0.3260969990516144 0.103762616990134 
0.6801698278030351 0.9834449562956057 0.8012244081898718 0.2737292870760142 -0.2633575171392297 -0.3156551138813377 0.1186924368531621 0.02361467575882206 
-0.7321656840588256 -0.997688733458831 -0.623080165914604 0.2316209692836989 0.9843317645012176 0.583768428990942 -0.8961438688636517 0.322371962684008 
0.2375287734008425 0.14502975375332 -0.3760240624951656 -1.004390281532124 -1.01798419075607 0.1310599014934368 1.130745560816087 -0.7324499853 
0.2273753403824389 0.4217069359348892 0.4844205471489871 0.199564552578285 -0.4205272247169312 -0.5439879418860699 0.5700185503657352 -0.1883372561749243 
-0.09624376097389971 -0.12314652927892 -0.02105477167446516 0.2087765720593928 0.3614616871806598 0.06271873669819206 -0.4240930411456978 0.2475606740490709 
-0.02202961817510976 -0.04445277686201871 -0.06198219791798319 -0.0429743643577837 0.04166628349488948 0.08995112875341524 -0.08220254775966616 0.02615382632522005 
0.009736997519549952 0.01395021989585321 0.007327276744564215 -0.01428472548907195 -0.03715979156273611 -0.01429824249639521 0.04842355465491051 -0.02674256640892834 
0.0 1.385604491213366 0.0 0.2050737034185745 0.0 -0.1051932248648036 0.0 0.01027321763864504 
-1.36033965560607 0.0 3.128109975108991 0.0 -0.7898212388083364 0.0 0.07632519349374953 0.0 
0.0 -3.077215172457891 0.0 2.830194055239594 0.0 -0.5407438426098422 0.0 0.04125023217556288 
-0.475057546801685 0.0 -3.374726387340144 0.0 1.735115187157867 0.0 -0.263382208685861 0.0 
0.0 0.7318886752640398 0.0 -1.11627574634935 0.0 0.2504952918163925 0.0 -0.02089390099485432 
0.1924875219477994 0.0 0.7168228126233868 0.0 -0.4505804758473728 0.0 0.07465212464861366 0.0 
0.0 -0.06372011359220695 0.0 0.1288131703286692 0.0 -0.03114455237004727 0.0 0.002709539361739645 
-0.01947399503909991 0.0 -0.05980973540015726 0.0 0.04198247922480604 0.0 -0.007295047632628787 0.0 
0.5222949951423349 -0.7700343698038912 0.6449248428171306 -0.2012081456932415 -0.3125814860949558 0.3288498539057375 0.3260969990516144 0.103762616990134 
0.6801698278030351 -0.9834449562956057 0.8012244081898718 -0.2737292870760142 -0.2633575171392297 0.3156551138813377 0.1186924368531621 -0.02361467575882206 
0.7321656840588256 -0.997688733458831 0.623080165914604 0.2316209692836989 -0.9843317645012176 0.583768428990942 0.8961438688636517 0.322371962684008 
0.2375287734008425 -0.14502975375332 -0.3760240624951656 1.004390281532124 -1.01798419075607 -0.1310599014934368 1.130745560816087 0.7324499853 
-0.2273753403824389 0.4217069359348892 -0.4844205471489871 0.199564552578285 0.4205272247169312 -0.5439879418860699 -0.5700185503657352 -0.1883372561749243 
-0.09624376097389971 0.12314652927892 -0.02105477167446516 -0.2087765720593928 0.3614616871806598 -0.06271873669819206 -0.4240930411456978 -0.2475606740490709 
0.02202961817510976 -0.04445277686201871 0.06198219791798319 -0.0429743643577837 -0.04166628349488948 0.08995112875341524 0.08220254775966616 0.02615382632522005 
0.009736997519549952 -0.01395021989585321 0.007327276744564215 0.01428472548907195 -0.03715979156273611 0.01429824249639521 0.04842355465491051 0.02674256640892834 
9
-0.5250151210232606 -0.8086293823896759 -0.77885797940766 -0.4646207792791165 0.03936059333506376 0.4156200624351699 0.2121269389513525 -0.3712174224613801 0.1554996551487933 
0.6825042287587895 0.9869372464353506 0.8034991634186387 0.2708651303196949 -0.2738579179586354 -0.3231683547703218 0.1402044639696803 0.00909234054704385 -0.01114596354804386 
-0.7375545894046494 -1.074433986130895 -0.8894992076965419 -0.2924405047403801 0.4406416515518601 0.7562457655235508 0.1749999235202606 -0.6228417244293113 0.2909643396634973 
0.2546557191807497 0.1740539441511004 -0.3452527833987195 -0.9928630113148117 -1.053042274605875 0.06730026820257796 1.161957768533325 -0.7026670484889953 0.1635174567219573 
0.2337327770841447 0.5118481405541578 0.7972090275891821 0.8147220889307409 0.2175100966262516 -0.7466604598518781 -0.6868354081890999 0.9208432016035706 -0.3697419698371889 
-0.1041708585927873 -0.1362985438387197 -0.03413123489259231 0.2061355117521063 0.3811649078323493 0.09151627991588812 -0.4490276934211892 0.2450670282317869 -0.05472900186795576 
-0.02344922909827673 -0.06455820807246151 -0.1317398821951179 -0.1801592412575427 -0.1006114645514745 0.1351613821431999 0.1980561067253704 -0.2211807795182798 0.0846953079722165 
0.01092000351293794 0.01588434944080889 0.009160279446129469 -0.01416439889380428 -0.04045364221170304 -0.01852359584956102 0.05321113762015008 -0.02751834712869076 0.006007293047636854 
0.001045474497267352 0.003703521352503644 0.009061762896883622 0.01458424364103182 0.0109896611075108 -0.009238755153530337 -0.02010453122836071 0.02028942801487252 -0.00754637463519327 
0.0 1.443948922441562 0.0 0.7830918460305936 0.0 -0.3602816550689737 0.0 0.04708208046062875 0.0 
-1.365008457131518 0.0 3.115024353078543 0.0 -0.7813043497951121 0.0 0.07515089756940072 0.0 -0.003522720225424626 
0.0 -2.961060116619625 0.0 3.98016384137966 0.0 -1.048270949277262 0.0 0.1144871397433096 0.0 
-0.5093114370249492 0.0 -3.446191910929221 0.0 1.822267565899726 0.0 -0.2848525495886779 0.0 0.01966896803005322 
0.0 0.5956519003411394 0.0 -2.466144799788361 0.0 0.8462079293520137 0.0 -0.1068540707985012 0.0 
0.2083417164434149 0.0 0.7519317383364233 0.0 -0.4888751959061278 0.0 0.08352478437490975 0.0 -0.006081769704826665 
0.0 -0.03334460872189866 0.0 0.429844829645219 0.0 -0.1639911560288668 0.0 0.02187895186050355 0.0 
-0.02184000690254453 0.0 -0.06525568049064581 0.0 0.04748968479210439 0.0 -0.00851091829897351 0.0 0.0006381889992736264 
0.0 -0.0001637829053373129 0.0 -0.03245448312546474 0.0 0.01317734655431906 0.0 -0.001816990833694531 0.0 
0.5250151210232606 -0.8086293823896759 0.77885797940766 -0.4646207792791165 -0.03936059333506376 0.4156200624351699 -0.2121269389513525 -0.3712174224613801 -0.1554996551487933 
0.6825042287587895 -0.9869372464353506 0.8034991634186387 -0.2708651303196949 -0.2738579179586354 0.3231683547703218 0.1402044639696803 -0.00909234054704385 -0.01114596354804386 
0.7375545894046494 -1.074433986130895 0.8894992076965419 -0.2924405047403801 -0.4406416515518601 0.7562457655235508 -0.1749999235202606 -0.6228417244293113 -0.2909643396634973 
0.2546557191807497 -0.1740539441511004 -0.3452527833987195 0.9928630113148117 -1.053042274605875 -0.06730026820257796 1.161957768533325 0.7026670484889953 0.1635174567219573 
-0.2337327770841447 0.5118481405541578 -0.7972090275891821 0.8147220889307409 -0.2175100966262516 -0.7466604598518781 0.6868354081890999 0.9208432016035706 0.3697419698371889 
-0.1041708585927873 0.1362985438387197 -0.03413123489259231 -0.2061355117521063 0.3811649078323493 -0.09151627991588812 -0.4490276934211892 -0.2450670282317869 -0.05472900186795576 
0.02344922909827673 -0.06455820807246151 0.1317398821951179 -0.1801592412575427 0.1006114645514745 0.1351613821431999 -0.1980561067253704 -0.2211807795182798 -0.0846953079722165 
0.01092000351293794 -0.01588434944080889 0.009160279446129469 0.01416439889380428 -0.04045364221170304 0.01852359584956102 0.05321113762015008 0.02751834712869076 0.006007293047636854 
-0.001045474497267352 0.003703521352503644 -0.009061762896883622 0.01458424364103182 -0.0109896611075108 -0.009238755153530337 0.02010453122836071 0.02028942801487252 0.00754637463519327 
10
-0.4829164667135834 -0.7520655266172532 -0.7562910579156398 -0.5381630903441739 -0.1648959578742941 0.1937581104107597 0.289619462638484 0.02370226897044481 -0.215634622337451 0.1132448483719754 
0.7649193417197352 1.139360144430821 1.004147285845181 0.4474884986244166 -0.2847090830952088 -0.6482179771853402 -0.1504601199103712 0.568723966623333 -0.2974139709723739 0.06611140213508744 
-0.6949188875345188 -1.01719451816499 -0.8668244060266428 -0.3673137771830545 0.2332608472525012 0.531393052213246 0.2543012165385426 -0.2223348057002261 -0.08637656966684173 0.0880060400349323 
0.5196662607718344 0.6639534730684282 0.2990266735049879 -0.4270420168853374 -1.090938958175833 -0.9788070986805292 0.2336683712361651 1.095140912136689 -0.7595145348719377 0.1965907822382747 
0.05610288104983597 0.2730375953233525 0.7014229261689958 1.123815504123956 1.077849219937773 0.1892475122731909 -1.01124059671259 -0.7451851482610496 1.193572545347162 -0.5301937518619279 
-0.2595982038117394 -0.4237005520215527 -0.412319116993391 -0.1264609243469466 0.4023611455003338 0.7048859211936171 0.09796513895775899 -0.8109089522267287 0.4866048102007676 -0.1184408430982744 
0.04059158106499632 0.02157762278522157 -0.09706139424229059 -0.2912925974417587 -0.410427919441017 -0.2022497766984383 0.3143628726937107 0.3796064849594781 -0.4785399043325295 0.2000657337590448 
0.0382928194205237 0.06651201420813938 0.07581503656257405 0.04452837520373427 -0.04402587893600006 -0.1265344274640632 -0.04355936123271569 0.1588000160638594 -0.08941339703989647 0.02113890531336608 
-0.007776395359741141 -0.00816796762056243 0.004261905079111941 0.02984616175868227 0.05361433434577032 0.03724556917927726 -0.03602436692912562 -0.06252390733792688 0.07002417189009252 -0.02829044172370408 
-0.002660008417837176 -0.004760677444371224 -0.00582577920843253 -0.004244745724086216 0.002055183420756998 0.009751650749243996 0.005085907760034674 -0.01351432763963497 0.0073064263594232 -0.001694703228603146 
0.0 1.622489243740229 0.0 1.180877424448728 0.0 -0.6718839140431233 0.0 0.1159962348913985 0.0 -0.009791278297947409 
-1.52983868385345 0.0 2.863623742607985 0.0 -0.2546589466546867 0.0 -0.08591300668112994 0.0 0.01627861758791679 0.0 
0.0 -2.780150245091851 0.0 4.383762702461062 0.0 -1.364011411208238 0.0 0.1842414070954941 0.0 -0.0133033480652135 
-1.039332522175356 0.0 -4.25623952883612 0.0 3.512647666742661 0.0 -0.8010047680938372 0.0 0.08302221593519025 0.0 
0.0 -0.1573830290599374 0.0 -4.142136170843716 0.0 2.160224853963362 0.0 -0.397643948631628 0.0 0.03585642942668586 
0.5191964083056181 0.0 1.226448425737958 0.0 -1.481181237625358 0.0 0.3867517243954348 0.0 -0.04332628456248577 0.0 
0.0 0.2380714775601226 0.0 1.033461716107576 0.0 -0.6375084985314925 0.0 0.126705795345942 0.0 -0.0119781151596229 
-0.07658563901718778 0.0 -0.1487345862761422 0.0 0.2223739357171215 0.0 -0.06198217190453398 0.0 0.007208989142756093 0.0 
0.0 -0.03754051222465511 0.0 -0.1155046163951314 0.0 0.07836584581129717 0.0 -0.01625316536971426 0.0 0.001578117977251542 
0.005320016855663313 0.0 0.009274980752907978 0.0 -0.01597145349163547 0.0 0.004634998188524392 0.0 -0.0005520248006875302 0.0 
0.4829164667135834 -0.7520655266172532 0.7562910579156398 -0.5381630903441739 0.1648959578742941 0.1937581104107597 -0.289619462638484 0.02370226897044481 0.215634622337451 0.1132448483719754 
0.7649193417197352 -1.139360144430821 1.004147285845181 -0.4474884986244166 -0.2847090830952088 0.6482179771853402 -0.1504601199103712 -0.568723966623333 -0.2974139709723739 -0.06611140213508744 
0.6949188875345188 -1.01719451816499 0.8668244060266428 -0.3673137771830545 -0.2332608472525012 0.531393052213246 -0.2543012165385426 -0.2223348057002261 0.08637656966684173 0.0880060400349323 
0.5196662607718344 -0.6639534730684282 0.2990266735049879 0.4270420168853374 -1.090938958175833 0.9788070986805292 0.2336683712361651 -1.095140912136689 -0.7595145348719377 -0.1965907822382747 
-0.05610288104983597 0.2730375953233525 -0.7014229261689958 1.123815504123956 -1.077849219937773 0.1892475122731909 1.01124059671259 -0.7451851482610496 -1.193572545347162 -0.5301937518619279 
-0.2595982038117394 0.4237005520215527 -0.412319116993391 0.1264609243469466 0.4023611455003338 -0.7048859211936171 0.09796513895775899 0.8109089522267287 0.4866048102007676 0.1184408430982744 
-0.04059158106499632 0.02157762278522157 0.09706139424229059 -0.2912925974417587 0.410427919441017 -0.2022497766984383 -0.3143628726937107 0.3796064849594781 0.4785399043325295 0.2000657337590448 
0.0382928194205237 -0.06651201420813938 0.07581503656257405 -0.04452837520373427 -0.04402587893600006 0.1265344274640632 -0.04355936123271569 -0.1588000160638594 -0.08941339703989647 -0.02113890531336608 
0.007776395359741141 -0.00816796762056243 -0.004261905079111941 0.02984616175868227 -0.05361433434577032 0.03724556917927726 0.03602436692912562 -0.06252390733792688 -0.07002417189009252 -0.02829044172370408 
-0.002660008417837176 0.004760677444371224 -0.00582577920843253 0.004244745724086216 0.002055183420756998 -0.009751650749243996 0.005085907760034674 0.01351432763963497 0.0073064263594232 0.001694703228603146 
11
-0.4802068666906549 -0.7475818663244534 -0.7515047487845372 -0.5354598120535332 -0.1676746688775614 0.1841005360569565 0.2802054009013358 0.02982556979431561 -0.201430223228913 0.09728567155188415 -0.01736685316650478 
0.8234756072644919 1.273130862432685 1.247809916968313 0.8046315871737967 0.06132836824386121 -0.6244425948559257 -0.680047884372798 0.111939981112306 0.6549148797576225 -0.477862808230211 0.1430154636324533 
-0.6948912711713833 -1.016562554319593 -0.8644413439333865 -0.3620008644184599 0.2408646817132516 0.5353406075648355 0.2443307231388022 -0.2401711398173511 -0.05387212412962369 0.06683774748803983 -0.01575937652463317 
0.6072297225938006 0.8640013863668194 0.6634353346200657 0.1071146510378388 -0.5733419082311686 -0.9431471437529534 -0.558356904438076 0.4117626996106984 0.6648869194220933 -0.6169331319477157 0.2041840417455549 
0.03606593221875214 0.2418190491570087 0.6737423934275221 1.121290014051407 1.123616828258797 0.2740335806170404 -0.9742533512292767 -0.8496135469136838 1.195463909039643 -0.4815880600304898 0.07779977308682612 
-0.3574127491550827 -0.6471536482961316 -0.8193324866352167 -0.7230237177314301 -0.1756380102962952 0.6651982505941753 0.9825853138452202 -0.04799046250743281 -1.104058742098812 0.7901589358054452 -0.2372135427630283 
0.05006502981484296 0.03603571353018104 -0.08517654245669166 -0.2928212827634344 -0.4359986432247532 -0.2444213699896338 0.301961618892715 0.4382035028841282 -0.4961068153382107 0.187906908327462 -0.02913486151311029 
0.06421574969456216 0.1257296342254867 0.1836736095983852 0.2026107012673691 0.1091265124769405 -0.1160391476986771 -0.2779827105616932 -0.04331295889437653 0.3320592639537687 -0.2196244779078633 0.06372071261975087 
-0.00944785321410923 -0.01067944017756622 0.002322088888805795 0.03047160233021476 0.05863965463183134 0.04495862535396073 -0.03450079439850376 -0.07406803093717503 0.0753024042542828 -0.02755932104155051 0.004173072883434308 
-0.00569881010335007 -0.01170216800555038 -0.0184684066475118 -0.02277350919201086 -0.01589442213022038 0.008524135734991608 0.03256364002998566 0.01016845452060018 -0.04208890006735028 0.02652353883976068 -0.007530900364378516 
0.0007210655632279219 0.000912719254490042 0.0001800515396339597 -0.001650260373030929 -0.003839011999267832 -0.003559986250637863 0.001876801680783244 0.005862161767238382 -0.005561077731721212 0.001988228258055268 -0.0002961578964579774 
0.0 1.632294583055162 0.0 1.193234242070193 0.0 -0.6903936572194471 0.0 0.1218829482728096 0.0 -0.01062434878280565 0.0 
-1.646951214528984 0.0 2.877436142750523 0.0 0.6604894886266147 0.0 -0.5260719502139656 0.0 0.09488015927983155 0.0 -0.008177702723602728 
0.0 -2.781222842789193 0.0 4.374824494074522 0.0 -1.363776441785348 0.0 0.1856304444938253 0.0 -0.01363907555660607 0.0 
-1.214459445187601 0.0 -4.235501998468425 0.0 4.881395374364173 0.0 -1.459371700203835 0.0 0.2005962247911919 0.0 -0.01510185418941731 
0.0 -0.2337659982318811 0.0 -4.263463317850481 0.0 2.298499557280463 0.0 -0.4367828622024304 0.0 0.04093539291323377 0.0 
0.7148254983101654 0.0 1.203394199186342 0.0 -3.009824312579897 0.0 1.121976773754689 0.0 -0.1746187855743917 0.0 0.01427199921833916 
0.0 0.2747892789488831 0.0 1.095494248601122 0.0 -0.7031023295331879 0.0 0.14452570744168 0.0 -0.01421081154227653 0.0 
-0.1284314993891243 0.0 -0.1426414788132715 0.0 0.6274455223250058 0.0 -0.2568004757863472 0.0 0.04199764175089035 0.0 -0.003544955457022684 
0.0 -0.04409776775637798 0.0 -0.1270593880387842 0.0 0.08996732690008669 0.0 -0.01930771755215867 0.0 0.001950006992460047 0.0 
0.01139762020670014 0.0 0.008562727320620554 0.0 -0.06344967455815952 0.0 0.02746871930268759 0.0 -0.004629336111448234 0.0 0.0003986278983876246 
0.0 0.003170250349522409 0.0 0.007850684554877429 0.0 -0.005924851421600446 0.0 0.001307590122342537 0.0 -0.0001344295755812976 0.0 
0.4802068666906549 -0.7475818663244534 0.7515047487845372 -0.5354598120535332 0.1676746688775614 0.1841005360569565 -0.2802054009013358 0.02982556979431561 0.201430223228913 0.09728567155188415 0.01736685316650478 
0.8234756072644919 -1.273130862432685 1.247809916968313 -0.8046315871737967 0.06132836824386121 0.6244425948559257 -0.680047884372798 -0.111939981112306 0.6549148797576225 0.477862808230211 0.1430154636324533 
0.6948912711713833 -1.016562554319593 0.8644413439333865 -0.3620008644184599 -0.2408646817132516 0.5353406075648355 -0.2443307231388022 -0.2401711398173511 0.05387212412962369 0.06683774748803983 0.01575937652463317 
0.6072297225938006 -0.8640013863668194 0.6634353346200657 -0.1071146510378388 -0.5733419082311686 0.9431471437529534 -0.558356904438076 -0.4117626996106984 0.6648869194220933 0.6169331319477157 0.2041840417455549 
-0.03606593221875214 0.2418190491570087 -0.6737423934275221 1.121290014051407 -1.123616828258797 0.2740335806170404 0.9742533512292767 -0.8496135469136838 -1.195463909039643 -0.4815880600304898 -0.07779977308682612 
-0.3574127491550827 0.6471536482961316 -0.8193324866352167 0.7230237177314301 -0.1756380102962952 -0.6651982505941753 0.9825853138452202 0.04799046250743281 -1.104058742098812 -0.7901589358054452 -0.2372135427630283 
-0.05006502981484296 0.03603571353018104 0.08517654245669166 -0.2928212827634344 0.4359986432247532 -0.2444213699896338 -0.301961618892715 0.4382035028841282 0.4961068153382107 0.187906908327462 0.02913486151311029 
0.06421574969456216 -0.1257296342254867 0.1836736095983852 -0.2026107012673691 0.1091265124769405 0.1160391476986771 -0.2779827105616932 0.04331295889437653 0.3320592639537687 0.2196244779078633 0.06372071261975087 
0.00944785321410923 -0.01067944017756622 -0.002322088888805795 0.03047160233021476 -0.05863965463183134 0.04495862535396073 0.03450079439850376 -0.07406803093717503 -0.0753024042542828 -0.02755932104155051 -0.004173072883434308 
-0.00569881010335007 0.01170216800555038 -0.0184684066475118 0.02277350919201086 -0.01589442213022038 -0.008524135734991608 0.03256364002998566 -0.01016845452060018 -0.04208890006735028 -0.02652353883976068 -0.007530900364378516 
-0.0007210655632279219 0.000912719254490042 -0.0001800515396339597 -0.001650260373030929 0.003839011999267832 -0.003559986250637863 -0.001876801680783244 0.005862161767238382 0.005561077731721212 0.001988228258055268 0.0002961578964579774 
12
-0.477754091234897 -0.7434979186721157 -0.7470724853264503 -0.5327933104919755 -0.1698984932499519 0.1754407345216337 0.2711493938897908 0.03494339747783743 -0.1873333498768099 0.08190873167300348 -0.01066526751292671 -0.001352409363399812 
0.79141898587137 1.248183426673528 1.298049746528249 1.004656446609884 0.4362322322936832 -0.2171175810733643 -0.6144857887462031 -0.4254049910467729 0.2225333167882495 0.4368000136054618 -0.3790564808267831 0.1176536459509997 
-0.7748773976301147 -1.153790485042474 -1.02517757817191 -0.4864955516331706 0.2547230034678573 0.7705228843838549 0.5755577305935199 -0.2663576396901078 -0.6044619561374202 0.517976864354815 -0.1611083924447156 0.01532235697941093 
0.5855948407001169 0.8477635706069822 0.699639804633203 0.2471380864777352 -0.3129355850031193 -0.6623324097238177 -0.5166162386714939 0.0373589498182434 0.3715545673185033 0.01595269285878473 -0.1608363922453176 0.06859210428912295 
-0.2542680855402102 -0.2554342042221957 0.0937315189797345 0.6773544943896329 1.186391126207613 1.13788676579234 0.2207956224595296 -0.9743324225481578 -0.7858951427005428 1.169284730445195 -0.4668966475852351 0.06161181418118737 
-0.2811878124362473 -0.5869643344550998 -0.9354703756665167 -1.191410820927422 -1.056561573431994 -0.2951228927014276 0.8228385022022813 1.213482531473508 -0.07620223219444389 -1.366792587496557 0.9898049367375557 -0.2871894692310083 
0.2366048262895072 0.3557327130062089 0.2883267872670565 -0.005638133349864726 -0.4733155804611603 -0.7971682114221563 -0.4680943699712841 0.5108542949956714 0.7837257850563434 -0.8728074454030201 0.3186066342581183 -0.03844010526614003 
0.03259837454767526 0.1004475286282005 0.2306373249848155 0.3942616239563004 0.4706989557093224 0.2793117902043436 -0.2103117245400013 -0.5606782155348086 -0.09425699324722868 0.6686886546791501 -0.4401439143457776 0.1218769129824415 
-0.05039725101155115 -0.080896415022831 -0.07981684957176052 -0.03291004443653277 0.06631443504268605 0.1659304119295117 0.1349870768428444 -0.08869461652353812 -0.2071493982923879 0.2057033424244363 -0.07202200897202443 0.008303912452566113 
-0.0001655412141560931 -0.007227697889945415 -0.02649674851802092 -0.055900025372209 -0.07857380279769277 -0.06020567814195584 0.02049113608091211 0.0998081879138784 0.03257775021724213 -0.1280820472384172 0.07997455572496288 -0.0215567124764747 
0.005195997255851873 0.008590365328535451 0.009173625331765006 0.00531622236177524 -0.004616896538064202 -0.01673832212056792 -0.01670189468933803 0.007301926331589482 0.02550854703437009 -0.02358400214744467 0.00803299970274997 -0.0008976725098900716 
-0.0002345323706118815 0.0001804605716561859 0.001739685080000736 0.004392788428647449 0.006884402198015249 0.006106130147984233 -0.000791931375747305 -0.009208784244517104 -0.004283973585744106 0.01277306564498086 -0.007690697885533178 0.002034087965723705 
0.0 1.641120016843534 0.0 1.204023190022401 0.0 -0.7070037794811262 0.0 0.1271835214415479 0.0 -0.01137046519933201 0.0 0.0005782924445063333 
-1.58283797174274 0.0 3.250641883485722 0.0 1.517930212655768 0.0 -1.229751386828311 0.0 0.2795841999301518 0.0 -0.03223276721615399 0.0 
0.0 -3.060927110999959 0.0 4.085820115216719 0.0 -0.7935685796420723 0.0 -0.01837291339699117 0.0 0.01860142881911968 0.0 -0.002200242133655608 
-1.171189681400234 0.0 -3.978941299567804 0.0 5.476331118454754 0.0 -1.944902198895823 0.0 0.3275605437936846 0.0 -0.03157430010997443 0.0 
0.0 -1.250752551542003 0.0 -5.325808318643444 0.0 4.36184593835075 0.0 -1.17042463587311 0.0 0.1562203271034432 0.0 -0.01204914550958689 
0.5623756248724947 0.0 0.3227891437546102 0.0 -5.024846529825353 0.0 2.779286627512157 0.0 -0.6102132752432987 0.0 0.07107184757567123 0.0 
0.0 0.9277808826642485 0.0 1.774780848496233 0.0 -2.029944794727121 0.0 0.6172652649960944 0.0 -0.0886280581811178 0.0 0.007176845768101692 
-0.0651967490953505 0.0 0.2201455921146716 0.0 1.45458066107066 0.0 -0.9384273034339281 0.0 0.221359608057347 0.0 -0.02695796232168104 0.0 
0.0 -0.1873695632027216 0.0 -0.2756098453531965 0.0 0.3813817306168242 0.0 -0.1232841009914095 0.0 0.01833620207134905 0.0 -0.001520272002780189 
0.0003310824283121861 0.0 -0.05453557965874739 0.0 -0.2068261855676082 0.0 0.1458244794636454 0.0 -0.03580268492810786 0.0 0.004471115762666322 0.0 
0.0 0.01881819373254575 0.0 0.02401699924402158 0.0 -0.03778342265823658 0.0 0.01269078092306956 0.0 -0.001930241161880956 0.0 0.0001624994382176665 
0.0004690647412237631 0.0 0.00560947679887286 0.0 0.01685034265688162 0.0 -0.01260332443909444 0.0 0.003177395508300895 0.0 -0.0004035636553451921 0.0 
0.477754091234897 -0.7434979186721157 0.7470724853264503 -0.5327933104919755 0.1698984932499519 0.1754407345216337 -0.2711493938897908 0.03494339747783743 0.1873333498768099 0.08190873167300348 0.01066526751292671 -0.001352409363399812 
0.79141898587137 -1.248183426673528 1.298049746528249 -1.004656446609884 0.4362322322936832 0.2171175810733643 -0.6144857887462031 0.4254049910467729 0.2225333167882495 -0.4368000136054618 -0.3790564808267831 -0.1176536459509997 
0.7748773976301147 -1.153790485042474 1.02517757817191 -0.4864955516331706 -0.2547230034678573 0.7705228843838549 -0.5755577305935199 -0.2663576396901078 0.6044619561374202 0.517976864354815 0.1611083924447156 0.01532235697941093 
0.5855948407001169 -0.8477635706069822 0.699639804633203 -0.2471380864777352 -0.3129355850031193 0.6623324097238177 -0.5166162386714939 -0.0373589498182434 0.3715545673185033 -0.01595269285878473 -0.1608363922453176 -0.06859210428912295 
0.2542680855402102 -0.2554342042221957 -0.0937315189797345 0.6773544943896329 -1.186391126207613 1.13788676579234 -0.2207956224595296 -0.9743324225481578 0.7858951427005428 1.169284730445195 0.4668966475852351 0.06161181418118737 
-0.2811878124362473 0.5869643344550998 -0.9354703756665167 1.191410820927422 -1.056561573431994 0.2951228927014276 0.8228385022022813 -1.213482531473508 -0.07620223219444389 1.366792587496557 0.9898049367375557 0.2871894692310083 
-0.2366048262895072 0.3557327130062089 -0.2883267872670565 -0.005638133349864726 0.4733155804611603 -0.7971682114221563 0.4680943699712841 0.5108542949956714 -0.7837257850563434 -0.8728074454030201 -0.3186066342581183 -0.03844010526614003 
0.03259837454767526 -0.1004475286282005 0.2306373249848155 -0.3942616239563004 0.4706989557093224 -0.2793117902043436 -0.2103117245400013 0.5606782155348086 -0.09425699324722868 -0.6686886546791501 -0.4401439143457776 -0.1218769129824415 
0.05039725101155115 -0.080896415022831 0.07981684957176052 -0.03291004443653277 -0.06631443504268605 0.1659304119295117 -0.1349870768428444 -0.08869461652353812 0.2071493982923879 0.2057033424244363 0.07202200897202443 0.008303912452566113 
-0.0001655412141560931 0.007227697889945415 -0.02649674851802092 0.055900025372209 -0.07857380279769277 0.06020567814195584 0.02049113608091211 -0.0998081879138784 0.03257775021724213 0.1280820472384172 0.07997455572496288 0.0215567124764747 
-0.005195997255851873 0.008590365328535451 -0.009173625331765006 0.00531622236177524 0.004616896538064202 -0.01673832212056792 0.01670189468933803 0.007301926331589482 -0.02550854703437009 -0.02358400214744467 -0.00803299970274997 -0.0008976725098900716 
-0.0002345323706118815 -0.0001804605716561859 0.001739685080000736 -0.004392788428647449 0.006884402198015249 -0.006106130147984233 -0.000791931375747305 0.009208784244517104 -0.004283973585744106 -0.01277306564498086 -0.007690697885533178 -0.002034087965723705 
13
-0.5089411854737372 -0.8038727750670331 -0.8371939823623571 -0.6459262008700123 -0.2720943966850919 0.1540449592373449 0.3946898769375636 0.2336125427811264 -0.195475914507826 -0.2604028820000715 0.2917714443684166 -0.1149857163954942 0.01878844809884291 
0.7855986950495959 1.239395150578013 1.290722455941515 1.004506475579349 0.4493662841675949 -0.1900634041305473 -0.5881882090851254 -0.4292884770666571 0.1814339552804665 0.4343479731191308 -0.3387742139952014 0.08865148357713654 -0.002711938840261397 
-0.87388547176576 -1.345470660904966 -1.311325844481148 -0.8457553853864666 -0.06988483277439347 0.7024043609378396 0.9676893132296868 0.3645832044556578 -0.6298761699414815 -0.569291691528456 0.7990985033204207 -0.3452649101893784 0.06139380521747135 
0.5841747123061147 0.844922822021888 0.695138760621904 0.240989371686007 -0.3192151695271094 -0.6644247076253 -0.508605241206798 0.05364388447228128 0.3742140992239982 -0.02603153353860793 -0.1178178286778533 0.04795864661481992 -0.004023737585615938 
-0.3892155267336763 -0.5167144660845506 -0.2963707259187149 0.1874907754532079 0.7436270111313326 1.044672769036975 0.7551411000781606 -0.1139218625914285 -0.8197142449548093 -0.3136586805370993 0.8419554099278593 -0.4295347230269122 0.08677609723716015 
-0.2629290435076724 -0.5608082345859212 -0.917990770504601 -1.203345609318807 -1.11701379606236 -0.3976390428356335 0.7435762891858488 1.260641786422903 0.07848483888182584 -1.443105838574295 0.9308051770288436 -0.2237258318640292 0.004067867631500773 
0.3956211936630629 0.6635883250858035 0.7479039808880507 0.5713567813881717 0.04801675567870382 -0.6877823270162405 -1.097883894711672 -0.5024287223781965 0.8246290696014467 0.8731012733885413 -1.223199460537542 0.5404815446223408 -0.09888177087343332 
0.02335121687625998 0.08761605962975073 0.2234026872571881 0.403950731961353 0.5069706256023798 0.3364152787235297 -0.171119982328733 -0.5948384814127031 -0.180165098473114 0.7320190478389271 -0.4300573024095835 0.09782113387409934 -0.0009099190657008824 
-0.100379259148925 -0.177656930811153 -0.2242527525008854 -0.2142280491149916 -0.09747841422351886 0.1316293694333306 0.332964309777438 0.229687264359958 -0.2202019332280596 -0.3427452515254009 0.4124456777244579 -0.1736534099428896 0.03062405346569778 
0.001753959689755943 -0.004631080760954084 -0.02525565509391472 -0.05849845182604631 -0.08701414042336851 -0.07289428331478291 0.01250895261616209 0.108554746130876 0.05162941944003803 -0.1452045110218472 0.08106987721165528 -0.01786597551973683 7.243972128962434e-05 
0.01270626931110088 0.02312886930963917 0.03087377581313316 0.03255459551140618 0.0199837846869257 -0.0115962924027609 -0.04645278324217023 -0.04052039756880154 0.02749963946805078 0.05877207140940638 -0.06473357280734819 0.02643760576712498 -0.004552751888144241 
-0.0004497759909502624 -0.0001037698443257984 0.001627558845815452 0.004745086985060195 0.007925398844222028 0.007615627907017822 8.726479200610535e-05 -0.01036137156648461 -0.006546820360820006 0.01510568748836043 -0.00814441560699156 0.001755394680817822 -5.261997432643961e-07 
-0.0009492200996205902 -0.001759184418286845 -0.002430226139718277 -0.002712974111418269 -0.001919466823350782 0.0005248337119159631 0.003651881922389416 0.003762810199819692 -0.001906150546876594 -0.005507112417245042 0.005705492794504778 -0.002279389624692654 0.000385728872880471 
0.0 1.545799200028906 0.0 1.200486671922358 0.0 -0.368585870022584 0.0 -0.05562507154151651 0.0 0.02836734513671493 0.0 -0.004057848665669163 0.0 
-1.5711973902296 0.0 3.28532385094585 0.0 1.561389785048 0.0 -1.289442831308828 0.0 0.3005265068025637 0.0 -0.03577085142048054 0.0 0.002541873773528752 
0.0 -3.363514826622634 0.0 4.074780183656374 0.0 0.2810755968166891 0.0 -0.5989845866994098 0.0 0.1448293159067986 0.0 -0.01692921899338048 0.0 
-1.168349424447241 0.0 -3.975841834051393 0.0 5.469243355874886 0.0 -1.949836426638737 0.0 0.3313794466739509 0.0 -0.03247332722680321 0.0 0.002006497786853401 
0.0 -1.663135337456867 0.0 -5.340499503601159 0.0 5.82712833697807 0.0 -1.962291294989623 0.0 0.3284111438540902 0.0 -0.03214560111377377 0.0 
0.5258580878228208 0.0 0.2031044140067953 0.0 -5.197089852570825 0.0 2.986088658595642 0.0 -0.6785307680686492 0.0 0.08209846877053528 0.0 -0.005970169570702689 
0.0 1.413767381829029 0.0 1.792523207731791 0.0 -3.755940718502562 0.0 1.549800917802325 0.0 -0.2913698567878756 0.0 0.03083455839510928 0.0 
-0.04670243427788922 0.0 0.2839578134026581 0.0 1.552362880453818 0.0 -1.048904502929127 0.0 0.2567286517786376 0.0 -0.03252104437907393 0.0 0.002440499850201655 
0.0 -0.3401340459086636 0.0 -0.2812624456274547 0.0 0.923791338563217 0.0 -0.4163049047407548 0.0 0.08203591170091992 0.0 -0.008952693571376708 0.0 
-0.003507919251879584 0.0 -0.06829674417324932 0.0 -0.2288231314645991 0.0 0.1696821264340468 0.0 -0.04326847714103539 0.0 0.005622442965300083 0.0 -0.0004294566001043951 
0.0 0.04177387747496101 0.0 0.02487747183077544 0.0 -0.1192707967112076 0.0 0.05670683053756068 0.0 -0.01149813414881911 0.0 0.001278795083189442 0.0 
0.0008995519656853923 0.0 0.007206040862168843 0.0 0.01949331071221177 0.0 -0.01537458484684449 0.0 0.004027435779151409 0.0 -0.0005323105189741268 0.0 4.114976714526927e-05 
0.0 -0.003058020924766718 0.0 -0.001353398186660963 0.0 0.009166287574936371 0.0 -0.004520020289894973 0.0 0.0009346549365328978 0.0 -0.0001053333203131699 0.0 
0.5089411854737372 -0.8038727750670331 0.8371939823623571 -0.6459262008700123 0.2720943966850919 0.1540449592373449 -0.3946898769375636 0.2336125427811264 0.195475914507826 -0.2604028820000715 -0.2917714443684166 -0.1149857163954942 -0.01878844809884291 
0.7855986950495959 -1.239395150578013 1.290722455941515 -1.004506475579349 0.4493662841675949 0.1900634041305473 -0.5881882090851254 0.4292884770666571 0.1814339552804665 -0.4343479731191308 -0.3387742139952014 -0.08865148357713654 -0.002711938840261397 
0.87388547176576 -1.345470660904966 1.311325844481148 -0.8457553853864666 0.06988483277439347 0.7024043609378396 -0.9676893132296868 0.3645832044556578 0.6298761699414815 -0.569291691528456 -0.7990985033204207 -0.3452649101893784 -0.06139380521747135 
0.5841747123061147 -0.844922822021888 0.695138760621904 -0.240989371686007 -0.3192151695271094 0.6644247076253 -0.508605241206798 -0.05364388447228128 0.3742140992239982 0.02603153353860793 -0.1178178286778533 -0.04795864661481992 -0.004023737585615938 
0.3892155267336763 -0.5167144660845506 0.2963707259187149 0.1874907754532079 -0.7436270111313326 1.044672769036975 -0.7551411000781606 -0.1139218625914285 0.8197142449548093 -0.3136586805370993 -0.8419554099278593 -0.4295347230269122 -0.08677609723716015 
-0.2629290435076724 0.5608082345859212 -0.917990770504601 1.203345609318807 -1.11701379606236 0.3976390428356335 0.7435762891858488 -1.260641786422903 0.07848483888182584 1.443105838574295 0.9308051770288436 0.2237258318640292 0.004067867631500773 
-0.3956211936630629 0.6635883250858035 -0.7479039808880507 0.5713567813881717 -0.04801675567870382 -0.6877823270162405 1.097883894711672 -0.5024287223781965 -0.8246290696014467 0.8731012733885413 1.223199460537542 0.5404815446223408 0.09888177087343332 
0.02335121687625998 -0.08761605962975073 0.2234026872571881 -0.403950731961353 0.5069706256023798 -0.3364152787235297 -0.171119982328733 0.5948384814127031 -0.180165098473114 -0.7320190478389271 -0.4300573024095835 -0.09782113387409934 -0.0009099190657008824 
0.100379259148925 -0.177656930811153 0.2242527525008854 -0.2142280491149916 0.09747841422351886 0.1316293694333306 -0.332964309777438 0.229687264359958 0.2202019332280596 -0.3427452515254009 -0.4124456777244579 -0.1736534099428896 -0.03062405346569778 
0.001753959689755943 0.004631080760954084 -0.02525565509391472 0.05849845182604631 -0.08701414042336851 0.07289428331478291 0.01250895261616209 -0.108554746130876 0.05162941944003803 0.1452045110218472 0.08106987721165528 0.01786597551973683 7.243972128962434e-05 
-0.01270626931110088 0.02312886930963917 -0.03087377581313316 0.03255459551140618 -0.0199837846869257 -0.0115962924027609 0.04645278324217023 -0.04052039756880154 -0.02749963946805078 0.05877207140940638 0.06473357280734819 0.02643760576712498 0.004552751888144241 
-0.0004497759909502624 0.0001037698443257984 0.001627558845815452 -0.004745086985060195 0.007925398844222028 -0.007615627907017822 8.726479200610535e-05 0.01036137156648461 -0.006546820360820006 -0.01510568748836043 -0.00814441560699156 -0.001755394680817822 -5.261997432643961e-07 
0.0009492200996205902 -0.001759184418286845 0.002430226139718277 -0.002712974111418269 0.001919466823350782 0.0005248337119159631 -0.003651881922389416 0.003762810199819692 0.001906150546876594 -0.005507112417245042 -0.005705492794504778 -0.002279389624692654 -0.000385728872880471 
14
-0.5144233831431761 -0.815600965616672 -0.8573633472073497 -0.6756734013477274 -0.3062844845940317 0.1317041899463052 0.407430249467226 0.2836112683936259 -0.1634799035390676 -0.3265968815639758 0.2997992873470638 -0.09196623102035194 0.004569900188336998 0.00394270967131785 
0.7551308285320312 1.190111995383748 1.239557694800404 0.9746784626851639 0.4723419733736012 -0.09252692353582562 -0.448667380920282 -0.371668152315787 0.03709606911214236 0.2565620986769322 -0.04033272173509135 -0.06866886061513378 0.03285281207609996 -0.003676625900599631 
-0.8865104784975053 -1.373093155934538 -1.360144933502989 -0.9196340569230536 -0.1574273671590965 0.6408244463618953 0.9916802699982767 0.4867426693973656 -0.5392377236950741 -0.7171995162659421 0.7836117802329811 -0.2633270818853648 0.01737636089832424 0.01075457094425133 
0.6401429056275523 0.9355467056838341 0.7894908546855408 0.2966199401276173 -0.3600586487269882 -0.8421625246053778 -0.7646209066219505 -0.05422747257916256 0.6367289529157862 0.3035599703484662 -0.66482757944138 0.3341195289631518 -0.06773072031669668 -0.0009416878405979361 
-0.3976192854622414 -0.5366464706925104 -0.3348381890568533 0.1247798703546259 0.6631760903334122 0.9781655133957572 0.7576373424234584 -0.01493553225518551 -0.7166795332540531 -0.4006851253266212 0.7460509710608215 -0.3021161271678408 0.02907106443932815 0.01122294107889708 
-0.03402258906867626 -0.1903349320223144 -0.5327757024730722 -0.9773824745163958 -1.286607776460913 -1.127274092372251 -0.3040866060819517 0.8231893394989716 1.157150885020268 -0.1003815718649594 -1.309371013453775 0.9524753896862633 -0.2597522327110885 0.01121000780232635 
0.4191805645281648 0.7144425430238275 0.8363317503990066 0.7031636960217671 0.201454627022562 -0.5842852638358269 -1.148687013578182 -0.7225064974883556 0.674550807776485 1.154354303652426 -1.232667153059457 0.4201546517730498 -0.02939902649470703 -0.01701614647032531 
-0.1345621740129799 -0.1679930020345579 -0.04247655763479584 0.247759415586888 0.6234705046830675 0.8392542857396093 0.5515612367116025 -0.2922791776792871 -0.9233992833083812 -0.1956296918167257 1.115425070859715 -0.7129701502227879 0.1806710789780455 -0.005604971328921698 
-0.1108229409576348 -0.1997134003226362 -0.2615710503879446 -0.2683940156606694 -0.1585108872685425 0.0937864072733253 0.359731241832963 0.3216903669250062 -0.1671058556739206 -0.471083045313874 0.4436524412290078 -0.1432783579038305 0.008762696925028861 0.005971051941884142 
0.04214250073397935 0.06075112688070401 0.04277265923276531 -0.01849109672229199 -0.116716171552923 -0.2014085585351434 -0.1723230466962026 0.03101557423361579 0.2415629782527437 0.09236017063599618 -0.3143163042526107 0.1894603151388845 -0.04632122774679007 0.001153974171487551 
0.01480513675350715 0.0274999331392022 0.038135521862782 0.04290073285430944 0.03136536155626603 -0.005008168162144999 -0.05237007070986054 -0.05830847129155881 0.01852705561502922 0.08503677592035777 -0.07443369864543299 0.02324457355593483 -0.001291750308149376 -0.000986559851613041 
-0.005892799261282975 -0.008916035607042964 -0.007544028917017289 -0.0006548549993426773 0.01191511529968416 0.0249222766141745 0.02499663685734374 0.0001106176082546711 -0.03212249250030866 -0.01695715794975224 0.04516439425904461 -0.02618613154426948 0.006248110693522675 -0.0001292671404325439 
-0.001187850125065696 -0.002250907221231619 -0.00323558816819472 -0.003843368234851436 -0.003138281845814857 -0.0001376693539998798 0.004370471939333838 0.005725694341879214 -0.001030229344876933 -0.008534705716781603 0.007101380057200527 -0.002164769229664059 0.0001115079761243584 9.311586069002085e-05 
0.0004765212121174751 0.0007392190259435634 0.0006788183225550468 0.0001993997654628074 -0.000757034016508074 -0.001859045095549411 -0.002080208366413353 -0.000266757928346489 0.002527820832638123 0.001678333698123405 -0.003838918252854039 0.00216320557973342 -0.000506841583503573 8.869467171747214e-06 
0.0 1.531273796618407 0.0 1.219393182311593 0.0 -0.2734168399783706 0.0 -0.1212151660920679 0.0 0.04562472849044931 0.0 -0.006496154455898245 0.0 0.0005191172289880032 
-1.510261657064062 0.0 3.441700681002416 0.0 1.705949928957564 0.0 -1.564039732748787 0.0 0.4097667037133179 0.0 -0.05616673536637243 0.0 0.004730550883708039 0.0 
0.0 -3.395738459716307 0.0 4.129193497980007 0.0 0.5209496308734062 0.0 -0.7695598192586194 0.0 0.1906287556576894 0.0 -0.0235116084357072 0.0 0.001742935513814781 
-1.280285811255105 0.0 -4.262391096892226 0.0 5.206020863719861 0.0 -1.446032667096816 0.0 0.1303700322302162 0.0 0.005153289418971566 0.0 -0.002042287790565023 0.0 
0.0 -1.681494282313294 0.0 -5.276893599099453 0.0 6.038956615540153 0.0 -2.125015759503998 0.0 0.3741531456774573 0.0 -0.03896306657752525 0.0 0.002607299392500481 
0.06804517813735252 0.0 -0.9701828236746864 0.0 -6.277986881687083 0.0 5.047691955522803 0.0 -1.499955000485043 0.0 0.2356725503157455 0.0 -0.02247385986894295 0.0 
0.0 1.475283076013473 0.0 1.703247334015111 0.0 -4.180188138151268 0.0 1.846055476336463 0.0 -0.3699906028624032 0.0 0.04202408661845341 0.0 -0.002992612835663603 
0.2691243480259599 0.0 1.093098742741739 0.0 2.29716614268693 0.0 -2.470833927962907 0.0 0.823476386893745 0.0 -0.138511004546486 0.0 0.01383393396312311 0.0 
0.0 -0.3683770665988853 0.0 -0.2503159758204996 0.0 1.095414927513398 0.0 -0.5321256480457051 0.0 0.1120766280381664 0.0 -0.01314446372676039 0.0 0.0009573481611540778 
-0.08428500146795868 0.0 -0.2751948659309136 0.0 -0.4191495696845777 0.0 0.5332942327134791 0.0 -0.1882294296837604 0.0 0.03273712731823131 0.0 -0.003344666260533435 0.0 
0.0 0.04757313201856189 0.0 0.01975069044724986 0.0 -0.1516791960034521 0.0 0.07801879353873414 0.0 -0.01692576828289034 0.0 0.002023820992307562 0.0 -0.000149441789549837 
0.01178559852256595 0.0 0.03508182513156861 0.0 0.04511941600577944 0.0 -0.0643670596192215 0.0 0.02356358242897323 0.0 -0.004187108726705745 0.0 0.0004341499312303614 0.0 
0.0 -0.003727852866401669 0.0 -0.000863495732287141 0.0 0.01267355563566527 0.0 -0.006775732329734815 0.0 0.001499804670584382 0.0 -0.0001817385884552737 0.0 1.354945651664446e-05 
-0.0009530424242349502 0.0 -0.00269211064162603 0.0 -0.003112342220971645 0.0 0.004825542527269657 0.0 -0.001812091678033985 0.0 0.0003269094026191462 0.0 -3.425628950974214e-05 0.0 
0.5144233831431761 -0.815600965616672 0.8573633472073497 -0.6756734013477274 0.3062844845940317 0.1317041899463052 -0.407430249467226 0.2836112683936259 0.1634799035390676 -0.3265968815639758 -0.2997992873470638 -0.09196623102035194 -0.004569900188336998 0.00394270967131785 
0.7551308285320312 -1.190111995383748 1.239557694800404 -0.9746784626851639 0.4723419733736012 0.09252692353582562 -0.448667380920282 0.371668152315787 0.03709606911214236 -0.2565620986769322 -0.04033272173509135 0.06866886061513378 0.03285281207609996 0.003676625900599631 
0.8865104784975053 -1.373093155934538 1.360144933502989 -0.9196340569230536 0.1574273671590965 0.6408244463618953 -0.9916802699982767 0.4867426693973656 0.5392377236950741 -0.7171995162659421 -0.7836117802329811 -0.2633270818853648 -0.01737636089832424 0.01075457094425133 
0.6401429056275523 -0.9355467056838341 0.7894908546855408 -0.2966199401276173 -0.3600586487269882 0.8421625246053778 -0.7646209066219505 0.05422747257916256 0.6367289529157862 -0.3035599703484662 -0.66482757944138 -0.3341195289631518 -0.06773072031669668 0.0009416878405979361 
0.3976192854622414 -0.5366464706925104 0.3348381890568533 0.1247798703546259 -0.6631760903334122 0.9781655133957572 -0.7576373424234584 -0.01493553225518551 0.7166795332540531 -0.4006851253266212 -0.7460509710608215 -0.3021161271678408 -0.02907106443932815 0.01122294107889708 
-0.03402258906867626 0.1903349320223144 -0.5327757024730722 0.9773824745163958 -1.286607776460913 1.127274092372251 -0.3040866060819517 -0.8231893394989716 1.157150885020268 0.1003815718649594 -1.309371013453775 -0.9524753896862633 -0.2597522327110885 -0.01121000780232635 
-0.4191805645281648 0.7144425430238275 -0.8363317503990066 0.7031636960217671 -0.201454627022562 -0.5842852638358269 1.148687013578182 -0.7225064974883556 -0.674550807776485 1.154354303652426 1.232667153059457 0.4201546517730498 0.02939902649470703 -0.01701614647032531 
-0.1345621740129799 0.1679930020345579 -0.04247655763479584 -0.247759415586888 0.6234705046830675 -0.8392542857396093 0.5515612367116025 0.2922791776792871 -0.9233992833083812 0.1956296918167257 1.115425070859715 0.7129701502227879 0.1806710789780455 0.005604971328921698 
0.1108229409576348 -0.1997134003226362 0.2615710503879446 -0.2683940156606694 0.1585108872685425 0.0937864072733253 -0.359731241832963 0.3216903669250062 0.1671058556739206 -0.471083045313874 -0.4436524412290078 -0.1432783579038305 -0.008762696925028861 0.005971051941884142 
0.04214250073397935 -0.06075112688070401 0.04277265923276531 0.01849109672229199 -0.116716171552923 0.2014085585351434 -0.1723230466962026 -0.03101557423361579 0.2415629782527437 -0.09236017063599618 -0.3143163042526107 -0.1894603151388845 -0.04632122774679007 -0.001153974171487551 
-0.01480513675350715 0.0274999331392022 -0.038135521862782 0.04290073285430944 -0.03136536155626603 -0.005008168162144999 0.05237007070986054 -0.05830847129155881 -0.01852705561502922 0.08503677592035777 0.07443369864543299 0.02324457355593483 0.001291750308149376 -0.000986559851613041 
-0.005892799261282975 0.008916035607042964 -0.007544028917017289 0.0006548549993426773 0.01191511529968416 -0.0249222766141745 0.02499663685734374 -0.0001106176082546711 -0.03212249250030866 0.01695715794975224 0.04516439425904461 0.02618613154426948 0.006248110693522675 0.0001292671404325439 
0.001187850125065696 -0.002250907221231619 0.00323558816819472 -0.003843368234851436 0.003138281845814857 -0.0001376693539998798 -0.004370471939333838 0.005725694341879214 0.001030229344876933 -0.008534705716781603 -0.007101380057200527 -0.002164769229664059 -0.0001115079761243584 9.311586069002085e-05 
0.0004765212121174751 -0.0007392190259435634 0.0006788183225550468 -0.0001993997654628074 -0.000757034016508074 0.001859045095549411 -0.002080208366413353 0.000266757928346489 0.002527820832638123 -0.001678333698123405 -0.003838918252854039 -0.00216320557973342 -0.000506841583503573 -8.869467171747214e-06 
15
-0.5135417281345309 -0.8272787549216493 -0.9063207942284862 -0.7884115712368345 -0.4914132473491079 -0.0806068684807943 0.295042490241294 0.421818155273523 0.1679076669878993 -0.2510379698088125 -0.2660463477398652 0.3309434212184882 -0.1199694800351096 0.00872427936331164 0.005550081551039782 
0.7962586821788381 1.263924176145624 1.337511732808296 1.082852747977764 0.5576839361299556 -0.08396460038006781 -0.5623999845316592 -0.5697016146322549 -0.06011396841793089 0.4473636248587301 0.2054137933126582 -0.4750759893421892 0.2492534947686422 -0.05257586458367482 -0.001179975823611447 
-0.8847680817108106 -1.398096166060946 -1.464307180328858 -1.15912440375973 -0.5503842706199971 0.1905192908309753 0.7538393347856794 0.7807375354454722 0.1638638071042915 -0.5585017791467869 -0.4163585953319867 0.6348640026549728 -0.2477866642286769 0.02126157309582912 0.011013247621722 
0.774865304736992 1.177227394230792 1.109941212867611 0.6499841667969734 -0.08221245657821558 -0.8162940061069599 -1.138720886441152 -0.7019940378767445 0.3222139448547794 0.9313062502777665 0.1331138002072434 -0.9955009165502705 0.6439473962152328 -0.163534253632523 0.003049753922807748 
-0.3972213508138658 -0.5483440060309877 -0.3816764444227739 0.01816609778106493 0.4891532496923785 0.779763108445793 0.6543896952705832 0.1170956902086232 -0.4062378437560979 -0.3353677316613758 0.2181282549540684 0.09683098699235505 -0.09054228575034973 0.01686148196195302 0.002757932415918147 
0.1458259465720443 0.1322019327581582 -0.1053688198915261 -0.5065513110839014 -0.9172521301882821 -1.094730813191686 -0.8049203745795526 -0.04073976206426019 0.7408278941981845 0.7401864610485512 -0.250356290952219 -0.8214764011050693 0.693258908051057 -0.2082173770293452 0.01055639923143603 
0.4152143706253262 0.7651221584825463 1.049436562412638 1.194265840095797 1.008228021892797 0.3413323052380316 -0.6581305445290743 -1.32423295724446 -0.7702764304550729 0.8227226511411295 1.236935698166771 -1.425162267551916 0.5140756558599047 -0.03795286448656336 -0.02380392083498763 
-0.3558029415152084 -0.5648660686351697 -0.568663282166815 -0.3324034779343225 0.1674224214909126 0.797085374819615 1.166194978021962 0.7715294357382226 -0.4073022405058442 -1.227152247784015 -0.195031333349807 1.472462889151222 -0.9902082790998338 0.2625322064737872 -0.007406118622386378 
-0.1086509934103667 -0.2245771502357704 -0.3671488940221963 -0.5122814764704547 -0.5596623254643153 -0.3670217247176374 0.1146622403149414 0.6199230405118198 0.5519500958840063 -0.3032449924130588 -0.7872081866056015 0.7747395725874757 -0.2608987428771414 0.01602796707654119 0.01255605678074994 
0.1215131340357283 0.2031503784571087 0.2316230456786631 0.189831425374934 0.04721792377157133 -0.1858708703247241 -0.3925553170393578 -0.3508624997231998 0.0556230398478818 0.4619874237556735 0.1574935858454798 -0.5955870287620748 0.3737804938191056 -0.0948429352702624 0.001880358127677798 
0.01428881155748554 0.03293098158509992 0.06138762082110756 0.09672094407835657 0.1199822398407323 0.0968924094884375 0.001981291074539048 -0.1240156929098288 -0.1404505254106486 0.04739247892157563 0.1981106462713317 -0.1797539267770909 0.05823703050819896 -0.003161904425196746 -0.002865788276578632 
-0.02028954584793015 -0.03474871002447711 -0.04181237467631649 -0.03847346407462522 -0.01787533407667095 0.02203517337456297 0.06490005137249243 0.06942147506789573 0.001740603052368745 -0.0839351404456136 -0.04072200561421686 0.1164300921861425 -0.06999956817914477 0.01726746119142075 -0.0002474556684698668 
-0.001118486658715845 -0.002923331430310345 -0.006139181497712713 -0.01057798312785498 -0.01423900868626688 -0.01291608153608105 -0.002465752901734755 0.01393443052396879 0.01890292945486035 -0.003743499952351959 -0.0271314729307613 0.02330094687133261 -0.007346053141176832 0.0003613818163568291 0.0003673104706831066 
0.00203936261523781 0.003543885109389873 0.004400393042110822 0.004308504302771682 0.002483280756026266 -0.00153766399943016 -0.006406989575719594 -0.007796180679027923 -0.001164275263118417 0.008941801604718021 0.005522056371435473 -0.01334800799594098 0.007778977660431812 -0.001879269687480355 1.918814225248236e-05 
5.604273162523304e-05 0.0001715271875389496 0.0004041833890334643 0.0007477528256967553 0.001066238382411077 0.001042575879101132 0.0003120460294197539 -0.0009899929913429085 -0.001552429351645753 0.0001416384111736663 0.002292796369830325 -0.001890969235291417 0.0005839799673918131 -2.645020894820522e-05 -2.956004400352683e-05 
0.0 1.560737666337746 0.0 1.459248871188236 0.0 0.1837683055568794 0.0 -0.5677477700933548 0.0 0.1898374100757366 0.0 -0.03073574591605119 0.0 0.002993534663792272 0.0 
-1.592517364357676 0.0 3.285709875315285 0.0 1.693136493887154 0.0 -1.165895520601596 0.0 0.17345560095937 0.0 0.003843763390684733 0.0 -0.003853860048536499 0.0 0.0005118828532360548 
0.0 -3.333660747972462 0.0 4.637648613633022 0.0 1.491339645842997 0.0 -1.716593588566391 0.0 0.4963394896070253 0.0 -0.07487355854048927 0.0 0.006983604990534982 0.0 
-1.549730609473984 0.0 -4.774171992195344 0.0 5.161246122433255 0.0 -0.143386101005788 0.0 -0.6412236313958678 0.0 0.2007970450542257 0.0 -0.02998686152166277 0.0 0.002713569705605283 
0.0 -1.655342235088813 0.0 -5.053639277720018 0.0 6.468624868935859 0.0 -2.542199991795555 0.0 0.5084134754439993 0.0 -0.06145620419591339 0.0 0.004895518203856868 0.0 
-0.2916518931440887 0.0 -1.654119577075396 0.0 -6.340321802641154 0.0 6.785201441910807 0.0 -2.527673548529423 0.0 0.4959764508248971 0.0 -0.05961423418371388 0.0 0.004742622671039545 
0.0 1.346445220610835 0.0 0.6574396164185659 0.0 -6.172282354603037 0.0 3.792290244852497 0.0 -0.9986155864107182 0.0 0.1476904555119059 0.0 -0.01377943600671079 0.0 
0.7116058830304168 0.0 1.933653822047827 0.0 2.371114123594424 0.0 -4.609590945330965 0.0 2.089991442347839 0.0 -0.4595688814522454 0.0 0.05967961918320073 0.0 -0.005022856455945891 
0.0 -0.3036018585435476 0.0 0.2706763480796697 0.0 2.08586022657487 0.0 -1.500853109779094 0.0 0.4251622172070998 0.0 -0.06579915247692283 0.0 0.006335362232470859 0.0 
-0.2430262680714567 0.0 -0.5765934948204894 0.0 -0.4451577539049067 0.0 1.300797239843235 0.0 -0.6429850587556154 0.0 0.148061857214219 0.0 -0.01981843363265944 0.0 0.001704500152358078 
0.0 0.03313382593968658 0.0 -0.09551586676824168 0.0 -0.370446866664026 0.0 0.2921808354315035 0.0 -0.08617327467077086 0.0 0.01367425586120587 0.0 -0.001339814705021389 0.0 
0.04057909169586031 0.0 0.08972569325998747 0.0 0.04974985431279062 0.0 -0.2036134111822873 0.0 0.1061103213416652 0.0 -0.02512760453995415 0.0 0.003426281756017274 0.0 -0.000298653246646487 
0.0 -0.001902439822137147 0.0 0.01359773967972969 0.0 0.04007303729283111 0.0 -0.03362231847648108 0.0 0.01018423729495254 0.0 -0.001643338910639545 0.0 0.0001629337916465956 0.0 
-0.00407872523047562 0.0 -0.008620995284961621 0.0 -0.003604939512540237 0.0 0.01994472372037553 0.0 -0.01077951097186342 0.0 0.002602501557885223 0.0 -0.0003594962546334383 0.0 3.16344236075611e-05 
0.0 4.52210399247817e-05 0.0 -0.001127403960017442 0.0 -0.002851393593196227 0.0 0.002500988539682319 0.0 -0.0007720870172830003 0.0 0.0001260971537939067 0.0 -1.261079086919962e-05 0.0 
0.5135417281345309 -0.8272787549216493 0.9063207942284862 -0.7884115712368345 0.4914132473491079 -0.0806068684807943 -0.295042490241294 0.421818155273523 -0.1679076669878993 -0.2510379698088125 0.2660463477398652 0.3309434212184882 0.1199694800351096 0.00872427936331164 -0.005550081551039782 
0.7962586821788381 -1.263924176145624 1.337511732808296 -1.082852747977764 0.5576839361299556 0.08396460038006781 -0.5623999845316592 0.5697016146322549 -0.06011396841793089 -0.4473636248587301 0.2054137933126582 0.4750759893421892 0.2492534947686422 0.05257586458367482 -0.001179975823611447 
0.8847680817108106 -1.398096166060946 1.464307180328858 -1.15912440375973 0.5503842706199971 0.1905192908309753 -0.7538393347856794 0.7807375354454722 -0.1638638071042915 -0.5585017791467869 0.4163585953319867 0.6348640026549728 0.2477866642286769 0.02126157309582912 -0.011013247621722 
0.774865304736992 -1.177227394230792 1.109941212867611 -0.6499841667969734 -0.08221245657821558 0.8162940061069599 -1.138720886441152 0.7019940378767445 0.3222139448547794 -0.9313062502777665 0.1331138002072434 0.9955009165502705 0.6439473962152328 0.163534253632523 0.003049753922807748 
0.3972213508138658 -0.5483440060309877 0.3816764444227739 0.01816609778106493 -0.4891532496923785 0.779763108445793 -0.6543896952705832 0.1170956902086232 0.4062378437560979 -0.3353677316613758 -0.2181282549540684 0.09683098699235505 0.09054228575034973 0.01686148196195302 -0.002757932415918147 
0.1458259465720443 -0.1322019327581582 -0.1053688198915261 0.5065513110839014 -0.9172521301882821 1.094730813191686 -0.8049203745795526 0.04073976206426019 0.7408278941981845 -0.7401864610485512 -0.250356290952219 0.8214764011050693 0.693258908051057 0.2082173770293452 0.01055639923143603 
-0.4152143706253262 0.7651221584825463 -1.049436562412638 1.194265840095797 -1.008228021892797 0.3413323052380316 0.6581305445290743 -1.32423295724446 0.7702764304550729 0.8227226511411295 -1.236935698166771 -1.425162267551916 -0.5140756558599047 -0.03795286448656336 0.02380392083498763 
-0.3558029415152084 0.5648660686351697 -0.568663282166815 0.3324034779343225 0.1674224214909126 -0.797085374819615 1.166194978021962 -0.7715294357382226 -0.4073022405058442 1.227152247784015 -0.195031333349807 -1.472462889151222 -0.9902082790998338 -0.2625322064737872 -0.007406118622386378 
0.1086509934103667 -0.2245771502357704 0.3671488940221963 -0.5122814764704547 0.5596623254643153 -0.3670217247176374 -0.1146622403149414 0.6199230405118198 -0.5519500958840063 -0.3032449924130588 0.7872081866056015 0.7747395725874757 0.2608987428771414 0.01602796707654119 -0.01255605678074994 
0.1215131340357283 -0.2031503784571087 0.2316230456786631 -0.189831425374934 0.04721792377157133 0.1858708703247241 -0.3925553170393578 0.3508624997231998 0.0556230398478818 -0.4619874237556735 0.1574935858454798 0.5955870287620748 0.3737804938191056 0.0948429352702624 0.001880358127677798 
-0.01428881155748554 0.03293098158509992 -0.06138762082110756 0.09672094407835657 -0.1199822398407323 0.0968924094884375 -0.001981291074539048 -0.1240156929098288 0.1404505254106486 0.04739247892157563 -0.1981106462713317 -0.1797539267770909 -0.05823703050819896 -0.003161904425196746 0.002865788276578632 
-0.02028954584793015 0.03474871002447711 -0.04181237467631649 0.03847346407462522 -0.01787533407667095 -0.02203517337456297 0.06490005137249243 -0.06942147506789573 0.001740603052368745 0.0839351404456136 -0.04072200561421686 -0.1164300921861425 -0.06999956817914477 -0.01726746119142075 -0.0002474556684698668 
0.001118486658715845 -0.002923331430310345 0.006139181497712713 -0.01057798312785498 0.01423900868626688 -0.01291608153608105 0.002465752901734755 0.01393443052396879 -0.01890292945486035 -0.003743499952351959 0.0271314729307613 0.02330094687133261 0.007346053141176832 0.0003613818163568291 -0.0003673104706831066 
0.00203936261523781 -0.003543885109389873 0.004400393042110822 -0.004308504302771682 0.002483280756026266 0.00153766399943016 -0.006406989575719594 0.007796180679027923 -0.001164275263118417 -0.008941801604718021 0.005522056371435473 0.01334800799594098 0.007778977660431812 0.001879269687480355 1.918814225248236e-05 
-5.604273162523304e-05 0.0001715271875389496 -0.0004041833890334643 0.0007477528256967553 -0.001066238382411077 0.001042575879101132 -0.0003120460294197539 -0.0009899929913429085 0.001552429351645753 0.0001416384111736663 -0.002292796369830325 -0.001890969235291417 -0.0005839799673918131 -2.645020894820522e-05 2.956004400352683e-05 
16
-0.4838747623016205 -0.7815033560329704 -0.8641215045757472 -0.7738535304375594 -0.5328802233310045 -0.1957707830845 0.1317838245687012 0.3092609961099367 0.2381385139172264 -0.01710664216669037 -0.1908976438858489 -0.06058851378857541 0.1558370460111506 -0.06371955285653087 0.002990537465169767 0.004290267707784956 
0.8386835280637138 1.353250579755096 1.490058568776852 1.314348064411548 0.8545172941310657 0.2016656646828685 -0.4401108742052189 -0.765735740158842 -0.5246880213840855 0.1632315015554541 0.6064198160366742 0.1250696476644486 -0.6587548704949517 0.4027903338982349 -0.08790125362443929 -0.006861430313227275 
-0.8453700464524166 -1.337441829193013 -1.408795131953848 -1.141008349876505 -0.6075061590028512 0.03506419910243874 0.5353410282952575 0.6323118121444131 0.2612058485091597 -0.2448347374368191 -0.3224748613954992 0.1131781341186358 0.1247256032669535 -0.07910920560139575 0.008858420645752816 0.00449534270041047 
0.8455077648081445 1.325735110937436 1.363053132074453 1.033386233767816 0.4084965513613751 -0.3453614505102287 -0.9392178857788875 -1.029015354245037 -0.4462384328235117 0.4657079714187236 0.800887600339021 -0.01049161508132549 -0.8577854543633955 0.5941686533753818 -0.1435932588619924 -0.007278147527201062 
-0.4535786802182629 -0.6358192693543295 -0.4638546565303971 -0.01411927466558623 0.5601253524580994 0.9889998090838262 0.9581772751687689 0.335007067650991 -0.524189720670082 -0.7685884937681509 0.0523854555027757 0.835628639157817 -0.5923441300173544 0.1394517221889164 0.01214115282712085 -0.01245170579836922 
0.1804273504325067 0.204536322061551 0.01703365586382332 -0.3223838173501199 -0.6831413222325753 -0.8722810717554808 -0.7144481328227754 -0.2019612095902712 0.3734762843248214 0.5253905430285667 0.07676301599116074 -0.3645028327158724 -0.02369435572247996 0.1614374377107403 -0.06497871982122119 0.003386002656581242 
0.2228994879253696 0.4678605440251858 0.7738420459452052 1.095215098400944 1.269185048759678 1.078365223895157 0.394039621589632 -0.5901286773553656 -1.210048201930508 -0.6833459366672203 0.7248308736824332 1.113529644711879 -1.257105171987087 0.4193597491170517 -0.00339676334880593 -0.03110944436863104 
-0.4810017431032829 -0.828312863597147 -1.018216555056683 -1.01413998750852 -0.70613347395247 -0.04268225719343626 0.808081622177549 1.350587476211005 0.9607605747483221 -0.3931716882364724 -1.379031534540208 -0.2928051865253058 1.689742800916572 -1.086700423501297 0.2525369602921793 0.01512832088952332 
0.04551584023152991 0.01402443764328595 -0.1450340421566409 -0.4301532619081792 -0.7642822033325456 -0.9523143604905439 -0.7252167958116654 0.02884011945898411 0.895460835659318 0.8980309603125491 -0.3621409947826406 -1.260740777130514 1.149221422595764 -0.3434126668859645 -0.006023995331884518 0.02696261980709273 
0.1868539992684368 0.3408479981668827 0.467041800071187 0.5474721362177135 0.5063112746161192 0.2566122239184743 -0.2019417380110396 -0.6525973590490292 -0.6632198294651052 0.01970847338102522 0.7756427112520266 0.3403977080983341 -1.037498216887774 0.6125379479159624 -0.1329553630956431 -0.01041788112953689 
-0.03335859264324859 -0.04087464932845874 -0.007502739087545356 0.0707827274393252 0.1822955401025622 0.2766734499746348 0.2608652654204653 0.05924074030152526 -0.2447957490501083 -0.3227719246236796 0.06353407004385268 0.4501951835025241 -0.3763797803688695 0.1068683741049195 0.003225199321256607 -0.008629277771970716 
-0.03631839676441858 -0.06856822750826304 -0.09972164069258084 -0.126573338553818 -0.1311308054134355 -0.08735118214882855 0.01739879070080434 0.1433523913593945 0.1790732715816204 0.02598803355728166 -0.1924312403370562 -0.1162852151434247 0.2790516311697857 -0.1571674990349496 0.03277883722093129 0.002939090094651239 
0.006988375325749553 0.009644043228428 0.005620343877974133 -0.006077235618993583 -0.02469550897733802 -0.04333127018025867 -0.04640819309905081 -0.01734105469681021 0.03637143238525614 0.05907744382981124 -0.003701096074910521 -0.08410645844467084 0.06650290588885736 -0.01823898216015405 -0.0007118347709205101 0.001502184778940013 
0.004355379672333775 0.008436319696756135 0.01279043763651829 0.01709071127595478 0.01893884892517623 0.01438858110223816 0.0005632696956635303 -0.01846650669798432 -0.0269325144935555 -0.00714913485262389 0.02745542841136781 0.02074304718142253 -0.0431006300001515 0.02348332842685664 -0.004757677978197447 -0.0004668715905004705 
-0.0008128787490674741 -0.001176578295468628 -0.000860472260368693 0.0002557007664302948 0.002170996615349516 0.004283657045112796 0.005010761530730325 0.002373204168657007 -0.003393522625006634 -0.006575322894289337 -0.0002796439075124948 0.009653834222712189 -0.007328204995766516 0.001957796753406297 8.9814501638395e-05 -0.0001637513279606598 
-0.0003529694320723522 -0.0006979927932612151 -0.001092429060487713 -0.00151452325512105 -0.001756211438757923 -0.001445336130076083 -0.0002531862593840343 0.001559361526388578 0.002576518593821 0.0009240373883658379 -0.002523094684224511 -0.002277036644620396 0.004280804606425566 -0.002274072931795276 0.0004504012478405932 4.724764917383315e-05 
0.0 1.674725635925539 0.0 1.686987704687644 0.0 0.3595098825543447 0.0 -0.954639496095973 0.0 0.36962436486384 0.0 -0.07159653046876313 0.0 0.008555950708606116 0.0 -0.0006909835473737156 
-1.677367056127428 0.0 3.226076824619048 0.0 2.064591130542628 0.0 -0.3729274264479724 0.0 -0.6030078564258161 0.0 0.2764191564688271 0.0 -0.05579922091795481 0.0 0.006725527304338871 0.0 
0.0 -3.182011827367997 0.0 4.942455175328996 0.0 1.729215937795048 0.0 -2.23374721828154 0.0 0.7356329515626403 0.0 -0.1290677188458446 0.0 0.01433562995327464 0.0 -0.00109225172464959 
-1.691015529616289 0.0 -4.875260291471537 0.0 5.772689086227165 0.0 1.169034801642969 0.0 -1.922883118147542 0.0 0.6500083798491147 0.0 -0.1154727483354015 0.0 0.01292457547252953 0.0 
0.0 -1.87084673500115 0.0 -5.477248136812718 0.0 6.151883040248729 0.0 -1.820180117787456 0.0 0.1690505626319837 0.0 0.0163811948418961 0.0 -0.005794605422931906 0.0 0.0006971488039712672 
-0.3608547008650134 0.0 -1.706778082143102 0.0 -6.053229942707971 0.0 7.414110258126625 0.0 -3.135794188272971 0.0 0.7078735453287631 0.0 -0.09972721251132516 0.0 0.0095084154130926 0.0 
0.0 0.6085718687969971 0.0 -0.809700783850939 0.0 -7.294122733428883 0.0 6.286600608257877 0.0 -2.161388888302928 0.0 0.412615063268209 0.0 -0.04992876811034452 0.0 0.004114363942428673 
0.962003486206566 0.0 2.110896545334453 0.0 1.280032890972595 0.0 -6.943562014782161 0.0 4.372594305212813 0.0 -1.260202510680941 0.0 0.2121324754337534 0.0 -0.02324272002566623 0.0 
0.0 0.2872941099031802 0.0 1.441451205868533 0.0 2.975035656976481 0.0 -3.492404437457214 0.0 1.355717574468776 0.0 -0.2781990569475431 0.0 0.03536703441727307 0.0 -0.00302123140715623 
-0.3737079985368736 0.0 -0.6675080500011542 0.0 0.1304799105938902 0.0 2.525697092192929 0.0 -1.843813653451407 0.0 0.5698123435727012 0.0 -0.1002151917516227 0.0 0.01132311154463532 0.0 
0.0 -0.1493658081841447 0.0 -0.4562646832635092 0.0 -0.6431790681721977 0.0 0.9059857864714561 0.0 -0.3733867971483967 0.0 0.07930104442590312 0.0 -0.01031862370861926 0.0 0.0008965048651303795 
0.07263679352883717 0.0 0.1117137168222014 0.0 -0.09268303799601119 0.0 -0.5054182919868347 0.0 0.4025357702192124 0.0 -0.1293381305562094 0.0 0.02330714084734938 0.0 -0.002678919379990285 0.0 
0.0 0.02912879753144662 0.0 0.07480300526184026 0.0 0.08614685062648116 0.0 -0.1377770086321102 0.0 0.05898249082529017 0.0 -0.01280359800685678 0.0 0.001691044169995752 0.0 -0.0001485414027895284 
-0.008710759344667552 0.0 -0.01175307275695657 0.0 0.0171495626264619 0.0 0.06373940273943422 0.0 -0.05387036411933488 0.0 0.01776495750886901 0.0 -0.003254142474765071 0.0 0.0003784168058460707 0.0 
0.0 -0.00327863251723633 0.0 -0.007668403296955554 0.0 -0.007753283739791531 0.0 0.01363299290638732 0.0 -0.005994182775458609 0.0 0.001321437839556106 0.0 -0.0001764014385315241 0.0 1.561833154198329e-05 
0.0007059388641447044 0.0 0.0008427640003272582 0.0 -0.001794093804406651 0.0 -0.005448539690295726 0.0 0.004808744623568356 0.0 -0.001615857542862902 0.0 0.0002995444286694083 0.0 -3.513401482004946e-05 0.0 
0.4838747623016205 -0.7815033560329704 0.8641215045757472 -0.7738535304375594 0.5328802233310045 -0.1957707830845 -0.1317838245687012 0.3092609961099367 -0.2381385139172264 -0.01710664216669037 0.1908976438858489 -0.06058851378857541 -0.1558370460111506 -0.06371955285653087 -0.002990537465169767 0.004290267707784956 
0.8386835280637138 -1.353250579755096 1.490058568776852 -1.314348064411548 0.8545172941310657 -0.2016656646828685 -0.4401108742052189 0.765735740158842 -0.5246880213840855 -0.1632315015554541 0.6064198160366742 -0.1250696476644486 -0.6587548704949517 -0.4027903338982349 -0.08790125362443929 0.006861430313227275 
0.8453700464524166 -1.337441829193013 1.408795131953848 -1.141008349876505 0.6075061590028512 0.03506419910243874 -0.5353410282952575 0.6323118121444131 -0.2612058485091597 -0.2448347374368191 0.3224748613954992 0.1131781341186358 -0.1247256032669535 -0.07910920560139575 -0.008858420645752816 0.00449534270041047 
0.8455077648081445 -1.325735110937436 1.363053132074453 -1.033386233767816 0.4084965513613751 0.3453614505102287 -0.9392178857788875 1.029015354245037 -0.4462384328235117 -0.4657079714187236 0.800887600339021 0.01049161508132549 -0.8577854543633955 -0.5941686533753818 -0.1435932588619924 0.007278147527201062 
0.4535786802182629 -0.6358192693543295 0.4638546565303971 -0.01411927466558623 -0.5601253524580994 0.9889998090838262 -0.9581772751687689 0.335007067650991 0.524189720670082 -0.7685884937681509 -0.0523854555027757 0.835628639157817 0.5923441300173544 0.1394517221889164 -0.01214115282712085 -0.01245170579836922 
0.1804273504325067 -0.204536322061551 0.01703365586382332 0.3223838173501199 -0.6831413222325753 0.8722810717554808 -0.7144481328227754 0.2019612095902712 0.3734762843248214 -0.5253905430285667 0.07676301599116074 0.3645028327158724 -0.02369435572247996 -0.1614374377107403 -0.06497871982122119 -0.003386002656581242 
-0.2228994879253696 0.4678605440251858 -0.7738420459452052 1.095215098400944 -1.269185048759678 1.078365223895157 -0.394039621589632 -0.5901286773553656 1.210048201930508 -0.6833459366672203 -0.7248308736824332 1.113529644711879 1.257105171987087 0.4193597491170517 0.00339676334880593 -0.03110944436863104 
-0.4810017431032829 0.828312863597147 -1.018216555056683 1.01413998750852 -0.70613347395247 0.04268225719343626 0.808081622177549 -1.350587476211005 0.9607605747483221 0.3931716882364724 -1.379031534540208 0.2928051865253058 1.689742800916572 1.086700423501297 0.2525369602921793 -0.01512832088952332 
-0.04551584023152991 0.01402443764328595 0.1450340421566409 -0.4301532619081792 0.7642822033325456 -0.9523143604905439 0.7252167958116654 0.02884011945898411 -0.895460835659318 0.8980309603125491 0.3621409947826406 -1.260740777130514 -1.149221422595764 -0.3434126668859645 0.006023995331884518 0.02696261980709273 
0.1868539992684368 -0.3408479981668827 0.467041800071187 -0.5474721362177135 0.5063112746161192 -0.2566122239184743 -0.2019417380110396 0.6525973590490292 -0.6632198294651052 -0.01970847338102522 0.7756427112520266 -0.3403977080983341 -1.037498216887774 -0.6125379479159624 -0.1329553630956431 0.01041788112953689 
0.03335859264324859 -0.04087464932845874 0.007502739087545356 0.0707827274393252 -0.1822955401025622 0.2766734499746348 -0.2608652654204653 0.05924074030152526 0.2447957490501083 -0.3227719246236796 -0.06353407004385268 0.4501951835025241 0.3763797803688695 0.1068683741049195 -0.003225199321256607 -0.008629277771970716 
-0.03631839676441858 0.06856822750826304 -0.09972164069258084 0.126573338553818 -0.1311308054134355 0.08735118214882855 0.01739879070080434 -0.1433523913593945 0.1790732715816204 -0.02598803355728166 -0.1924312403370562 0.1162852151434247 0.2790516311697857 0.1571674990349496 0.03277883722093129 -0.002939090094651239 
-0.006988375325749553 0.009644043228428 -0.005620343877974133 -0.006077235618993583 0.02469550897733802 -0.04333127018025867 0.04640819309905081 -0.01734105469681021 -0.03637143238525614 0.05907744382981124 0.003701096074910521 -0.08410645844467084 -0.06650290588885736 -0.01823898216015405 0.0007118347709205101 0.001502184778940013 
0.004355379672333775 -0.008436319696756135 0.01279043763651829 -0.01709071127595478 0.01893884892517623 -0.01438858110223816 0.0005632696956635303 0.01846650669798432 -0.0269325144935555 0.00714913485262389 0.02745542841136781 -0.02074304718142253 -0.0431006300001515 -0.02348332842685664 -0.004757677978197447 0.0004668715905004705 
0.0008128787490674741 -0.001176578295468628 0.000860472260368693 0.0002557007664302948 -0.002170996615349516 0.004283657045112796 -0.005010761530730325 0.002373204168657007 0.003393522625006634 -0.006575322894289337 0.0002796439075124948 0.009653834222712189 0.007328204995766516 0.001957796753406297 -8.9814501638395e-05 -0.0001637513279606598 
-0.0003529694320723522 0.0006979927932612151 -0.001092429060487713 0.00151452325512105 -0.001756211438757923 0.001445336130076083 -0.0002531862593840343 -0.001559361526388578 0.002576518593821 -0.0009240373883658379 -0.002523094684224511 0.002277036644620396 0.004280804606425566 0.002274072931795276 0.0004504012478405932 -4.724764917383315e-05 
