15
-0.171463960295 -0.287506714755 -0.347433616826 -0.371137034424 -0.36500929703 -0.334398421122 -0.285651820038 -0.22632944775 -0.164595141245 -0.108080404893 -0.0625330523395 -0.0307125210764 -0.0120483910587 -0.00336963898744 -0.000506412129351 
0.187532674284 0.313321333638 0.375914382139 0.397248714297 0.385103205228 0.346507814354 0.28965872254 0.223772878656 0.158088517145 0.100466360909 0.0560406458661 0.0264293792328 0.00991341111309 0.00263853636111 0.000375349543211 
-0.383405070911 -0.642884558179 -0.776885184891 -0.829887637939 -0.816185600579 -0.747737601196 -0.638736887502 -0.506088030478 -0.36804592459 -0.241675132376 -0.139828155872 -0.0686752848871 -0.0269410214268 -0.00753474183555 -0.00113237194586 
0.286460891728 0.478606242747 0.574218703659 0.60680743433 0.588254862776 0.529299429391 0.442461007248 0.341818718307 0.241484198773 0.15346490122 0.0856035005585 0.040371543635 0.015142985607 0.00403043086622 0.000573355897944 
-0.514391880886 -0.862520144264 -1.04230085048 -1.11341110327 -1.09502789109 -1.00319526336 -0.856955460115 -0.678988343249 -0.493785423735 -0.324241214678 -0.187599157018 -0.0921375632291 -0.0361451731762 -0.0101089169623 -0.00151923638805 
0.359097731899 0.599964676527 0.719821239311 0.760673375179 0.737416495939 0.663511949024 0.554654225916 0.428492440012 0.302716463479 0.192378434703 0.107309666977 0.0506084082373 0.01898273706 0.00505241247385 0.000718739655108 
-0.618222100738 -1.03662020209 -1.25268972029 -1.33815360784 -1.31605973646 -1.20569065379 -1.02993228408 -0.816042429009 -0.593456221451 -0.389689441713 -0.225466126621 -0.11073556954 -0.043441091749 -0.012149406149 -0.00182589489889 
0.419335807702 0.700607800815 0.840570112183 0.888275129143 0.861116945243 0.774815027631 0.647696593876 0.500371368196 0.353496670798 0.224649612444 0.12531069366 0.0590978885677 0.0221670611378 0.00589994666454 0.000839307093943 
-0.706964019284 -1.18542055301 -1.43250550006 -1.53023719451 -1.50497188599 -1.37876001132 -1.17777262617 -0.93318021926 -0.678643152816 -0.445626925432 -0.257830379888 -0.126630968427 -0.0496767889538 -0.0138933774654 -0.00208799069941 
0.471946880683 0.788508064668 0.946030448996 0.999720674189 0.969155146655 0.872025542967 0.728958465971 0.563149394986 0.397847376853 0.252834797059 0.141032532645 0.0665124791449 0.0249482041975 0.0066401708926 0.000944608968865 
-0.78574657701 -1.31752128317 -1.59214084808 -1.70076355345 -1.672682733 -1.53240607706 -1.30902108773 -1.03717182631 -0.754269693776 -0.495286636562 -0.286562445782 -0.140742452615 -0.055212664029 -0.0154416257246 -0.0023206719156 
0.519254462429 0.867547488919 1.04085979236 1.09993188323 1.06630249141 0.959436693134 0.802028685585 0.619599044573 0.437727282989 0.278178756982 0.155169522081 0.0731796374058 0.0274489924383 0.00730577636678 0.00103929582419 
-0.857319801476 -1.43753357377 -1.73716808413 -1.85568517212 -1.82504648515 -1.67199210561 -1.42825910019 -1.13164723875 -0.822975706224 -0.540402024463 -0.312665261697 -0.153562605382 -0.0602419552936 -0.0168481949372 -0.00253206064676 
0.562598022853 0.939964000914 1.12774314642 1.19174614289 1.15530961568 1.03952344306 0.868976167621 0.671318635969 0.474265551434 0.301399082726 0.168121937598 0.0792881376984 0.0297402333393 0.00791560908332 0.00112604862963 
-0.923361684674 -1.54827104211 -1.87098728615 -1.9986340964 -1.96563522064 -1.80079060899 -1.53828212836 -1.21882137684 -0.886371962057 -0.582030792768 -0.336750792741 -0.165391987639 -0.064882571512 -0.0181460612879 -0.00272711277689 
0.0 2.85117788105 0.0 4.20177846746 0.0 4.87570850983 0.0 4.92240060159 0.0 4.23935959817 0.0 2.82661752762 0.0 1.10395626422 0.0 
-0.375065348568 0.0 6.81606146448 0.0 8.82385351333 0.0 9.8743148863 0.0 9.87152024232 0.0 8.53256590989 0.0 5.75988113778 0.0 2.29142434152 
0.0 -1.37053913443 0.0 9.39546227963 0.0 10.9024156664 0.0 11.0068223576 0.0 9.47949624257 0.0 6.32050893815 0.0 2.46852125099 0.0 
-0.572921783457 0.0 -1.42045369872 0.0 13.478658882 0.0 15.0832651341 0.0 15.0789962449 0.0 13.0337097181 0.0 8.79836376927 0.0 3.5002084981 
0.0 -1.83877120225 0.0 -3.26917246401 0.0 14.6271255295 0.0 14.7672018048 0.0 12.7180787945 0.0 8.47985258285 0.0 3.31186879267 0.0 
-0.718195463799 0.0 -1.78063294574 0.0 -3.00335564507 0.0 18.9078734853 0.0 18.9025221495 0.0 16.3386198017 0.0 11.0293326775 0.0 4.38774355989 
0.0 -2.20992795119 0.0 -3.92905631577 0.0 -6.3369044498 0.0 17.7479677674 0.0 15.2852284063 0.0 10.191514432 0.0 3.98037091652 0.0 
-0.838671615404 0.0 -2.0793313023 0.0 -3.50716379794 0.0 -5.84884077053 0.0 22.0733903031 0.0 19.079397397 0.0 12.8794857664 0.0 5.12378059294 
0.0 -2.52714929607 0.0 -4.49304779249 0.0 -7.24652747661 0.0 -11.6418612334 0.0 17.4793274082 0.0 11.6544426296 0.0 4.55172828345 0.0 
-0.943893761366 0.0 -2.34021017047 0.0 -3.94718262567 0.0 -6.58265310657 0.0 -11.1016203599 0.0 21.4731533092 0.0 14.4953829857 0.0 5.76662479981 
0.0 -2.80876940667 0.0 -4.9937434254 0.0 -8.05406499431 0.0 -12.9392053409 0.0 -20.5227824541 0.0 12.953188781 0.0 5.05896314472 0.0 
-1.03850892486 0.0 -2.57479098554 0.0 -4.34284508764 0.0 -7.24249304341 0.0 -12.2144379972 0.0 -20.328916752 0.0 15.9483887022 0.0 6.34466670512 
0.0 -3.06461867042 0.0 -5.44862077335 0.0 -8.78770535441 0.0 -14.1178304541 0.0 -22.3921914446 0.0 -33.825227595 0.0 5.51978132111 0.0 
-1.12519604571 0.0 -2.78971568381 0.0 -4.70535399625 0.0 -7.84704333149 0.0 -13.2340098443 0.0 -22.0258258695 0.0 -34.6818808137 0.0 6.87427302457 
0.0 -3.30069532224 0.0 -5.86834416721 0.0 -9.46464832201 0.0 -15.2053687429 0.0 -24.1171282644 0.0 -36.4308850476 0.0 -50.0192878958 0.0 
0.171463960295 -0.287506714755 0.347433616826 -0.371137034424 0.36500929703 -0.334398421122 0.285651820038 -0.22632944775 0.164595141245 -0.108080404893 0.0625330523395 -0.0307125210764 0.0120483910587 -0.00336963898744 0.000506412129351 
0.187532674284 -0.313321333638 0.375914382139 -0.397248714297 0.385103205228 -0.346507814354 0.28965872254 -0.223772878656 0.158088517145 -0.100466360909 0.0560406458661 -0.0264293792328 0.00991341111309 -0.00263853636111 0.000375349543211 
0.383405070911 -0.642884558179 0.776885184891 -0.829887637939 0.816185600579 -0.747737601196 0.638736887502 -0.506088030478 0.36804592459 -0.241675132376 0.139828155872 -0.0686752848871 0.0269410214268 -0.00753474183555 0.00113237194586 
0.286460891728 -0.478606242747 0.574218703659 -0.60680743433 0.588254862776 -0.529299429391 0.442461007248 -0.341818718307 0.241484198773 -0.15346490122 0.0856035005585 -0.040371543635 0.015142985607 -0.00403043086622 0.000573355897944 
0.514391880886 -0.862520144264 1.04230085048 -1.11341110327 1.09502789109 -1.00319526336 0.856955460115 -0.678988343249 0.493785423735 -0.324241214678 0.187599157018 -0.0921375632291 0.0361451731762 -0.0101089169623 0.00151923638805 
0.359097731899 -0.599964676527 0.719821239311 -0.760673375179 0.737416495939 -0.663511949024 0.554654225916 -0.428492440012 0.302716463479 -0.192378434703 0.107309666977 -0.0506084082373 0.01898273706 -0.00505241247385 0.000718739655108 
0.618222100738 -1.03662020209 1.25268972029 -1.33815360784 1.31605973646 -1.20569065379 1.02993228408 -0.816042429009 0.593456221451 -0.389689441713 0.225466126621 -0.11073556954 0.043441091749 -0.012149406149 0.00182589489889 
0.419335807702 -0.700607800815 0.840570112183 -0.888275129143 0.861116945243 -0.774815027631 0.647696593876 -0.500371368196 0.353496670798 -0.224649612444 0.12531069366 -0.0590978885677 0.0221670611378 -0.00589994666454 0.000839307093943 
0.706964019284 -1.18542055301 1.43250550006 -1.53023719451 1.50497188599 -1.37876001132 1.17777262617 -0.93318021926 0.678643152816 -0.445626925432 0.257830379888 -0.126630968427 0.0496767889538 -0.0138933774654 0.00208799069941 
0.471946880683 -0.788508064668 0.946030448996 -0.999720674189 0.969155146655 -0.872025542967 0.728958465971 -0.563149394986 0.397847376853 -0.252834797059 0.141032532645 -0.0665124791449 0.0249482041975 -0.0066401708926 0.000944608968865 
0.78574657701 -1.31752128317 1.59214084808 -1.70076355345 1.672682733 -1.53240607706 1.30902108773 -1.03717182631 0.754269693776 -0.495286636562 0.286562445782 -0.140742452615 0.055212664029 -0.0154416257246 0.0023206719156 
0.519254462429 -0.867547488919 1.04085979236 -1.09993188323 1.06630249141 -0.959436693134 0.802028685585 -0.619599044573 0.437727282989 -0.278178756982 0.155169522081 -0.0731796374058 0.0274489924383 -0.00730577636678 0.00103929582419 
0.857319801476 -1.43753357377 1.73716808413 -1.85568517212 1.82504648515 -1.67199210561 1.42825910019 -1.13164723875 0.822975706224 -0.540402024463 0.312665261697 -0.153562605382 0.0602419552936 -0.0168481949372 0.00253206064676 
0.562598022853 -0.939964000914 1.12774314642 -1.19174614289 1.15530961568 -1.03952344306 0.868976167621 -0.671318635969 0.474265551434 -0.301399082726 0.168121937598 -0.0792881376984 0.0297402333393 -0.00791560908332 0.00112604862963 
0.923361684674 -1.54827104211 1.87098728615 -1.9986340964 1.96563522064 -1.80079060899 1.53828212836 -1.21882137684 0.886371962057 -0.582030792768 0.336750792741 -0.165391987639 0.064882571512 -0.0181460612879 0.00272711277689 
